Energy(keV)	ProbaCum
1310	0.000000013800
1309	0.000000065200
1308	0.000000177900
1307	0.000000375300
1306	0.000000680600
1305	0.000001116800
1304	0.000001706500
1303	0.000002472200
1302	0.000003436200
1301	0.000004620500
1300	0.000006046800
1299	0.000007736800
1298	0.000009711700
1297	0.000011992700
1296	0.000014600700
1295	0.000017556400
1294	0.000020880200
1293	0.000024592400
1292	0.000028713000
1291	0.000033261900
1290	0.000038258700
1289	0.000043722800
1288	0.000049673400
1287	0.000056129500
1286	0.000063109900
1285	0.000070633200
1284	0.000078717800
1283	0.000087382000
1282	0.000096643800
1281	0.000106521000
1280	0.000117031000
1279	0.000128192000
1278	0.000140020000
1277	0.000152533000
1276	0.000165748000
1275	0.000179681000
1274	0.000194349000
1273	0.000209769000
1272	0.000225956000
1271	0.000242927000
1270	0.000260697000
1269	0.000279282000
1268	0.000298697000
1267	0.000318958000
1266	0.000340080000
1265	0.000362078000
1264	0.000384966000
1263	0.000408760000
1262	0.000433473000
1261	0.000459120000
1260	0.000485716000
1259	0.000513274000
1258	0.000541808000
1257	0.000571332000
1256	0.000601859000
1255	0.000633403000
1254	0.000665977000
1253	0.000699594000
1252	0.000734267000
1251	0.000770009000
1250	0.000806832000
1249	0.000844749000
1248	0.000883773000
1247	0.000923915000
1246	0.000965188000
1245	0.001007604000
1244	0.001051174000
1243	0.001095910000
1242	0.001141824000
1241	0.001188927000
1240	0.001237230000
1239	0.001286745000
1238	0.001337482000
1237	0.001389452000
1236	0.001442667000
1235	0.001497136000
1234	0.001552871000
1233	0.001609881000
1232	0.001668177000
1231	0.001727769000
1230	0.001788667000
1229	0.001850881000
1228	0.001914421000
1227	0.001979296000
1226	0.002045516000
1225	0.002113091000
1224	0.002182030000
1223	0.002252342000
1222	0.002324036000
1221	0.002397121000
1220	0.002471606000
1219	0.002547500000
1218	0.002624811000
1217	0.002703548000
1216	0.002783720000
1215	0.002865334000
1214	0.002948399000
1213	0.003032924000
1212	0.003118916000
1211	0.003206383000
1210	0.003295333000
1209	0.003385774000
1208	0.003477714000
1207	0.003571160000
1206	0.003666119000
1205	0.003762599000
1204	0.003860607000
1203	0.003960151000
1202	0.004061241000
1201	0.004163881000
1200	0.004268071000
1199	0.004373831000
1198	0.004481161000
1197	0.004590061000
1196	0.004700551000
1195	0.004812631000
1194	0.004926301000
1193	0.005041571000
1192	0.005158451000
1191	0.005276951000
1190	0.005397071000
1189	0.005518821000
1188	0.005642201000
1187	0.005767221000
1186	0.005893881000
1185	0.006022191000
1184	0.006152161000
1183	0.006283791000
1182	0.006417091000
1181	0.006552061000
1180	0.006688711000
1179	0.006827041000
1178	0.006967061000
1177	0.007108771000
1176	0.007252181000
1175	0.007397291000
1174	0.007544111000
1173	0.007692641000
1172	0.007842891000
1171	0.007994861000
1170	0.008148561000
1169	0.008303991000
1168	0.008461161000
1167	0.008620071000
1166	0.008780721000
1165	0.008943121000
1164	0.009107281000
1163	0.009273191000
1162	0.009440861000
1161	0.009610301000
1160	0.009781511000
1159	0.009954491000
1158	0.010129251000
1157	0.010305791000
1156	0.010484121000
1155	0.010664241000
1154	0.010846151000
1153	0.011029861000
1152	0.011215371000
1151	0.011402681000
1150	0.011591801000
1149	0.011782731000
1148	0.011975471000
1147	0.012170031000
1146	0.012366411000
1145	0.012564611000
1144	0.012764641000
1143	0.012966501000
1142	0.013170191000
1141	0.013375721000
1140	0.013583091000
1139	0.013792301000
1138	0.014003361000
1137	0.014216261000
1136	0.014431011000
1135	0.014647621000
1134	0.014866081000
1133	0.015086401000
1132	0.015308581000
1131	0.015532631000
1130	0.015758541000
1129	0.015986321000
1128	0.016215971000
1127	0.016447501000
1126	0.016680901000
1125	0.016916181000
1124	0.017153341000
1123	0.017392381000
1122	0.017633311000
1121	0.017876121000
1120	0.018120821000
1119	0.018367411000
1118	0.018615901000
1117	0.018866281000
1116	0.019118560900
1115	0.019372740900
1114	0.019628820900
1113	0.019886800900
1112	0.020146690900
1111	0.020408490900
1110	0.020672190900
1109	0.020937800900
1108	0.021205330900
1107	0.021474770900
1106	0.021746130900
1105	0.022019400900
1104	0.022294590900
1103	0.022571700900
1102	0.022850730900
1101	0.023131690900
1100	0.023414570900
1099	0.023699380900
1098	0.023986110900
1097	0.024274770900
1096	0.024565360900
1095	0.024857880900
1094	0.025152330900
1093	0.025448720900
1092	0.025747040900
1091	0.026047300900
1090	0.026349500900
1089	0.026653640900
1088	0.026959710900
1087	0.027267730900
1086	0.027577690900
1085	0.027889590900
1084	0.028203430900
1083	0.028519220900
1082	0.028836950900
1081	0.029156630900
1080	0.029478260900
1079	0.029801840900
1078	0.030127370900
1077	0.030454850900
1076	0.030784280900
1075	0.031115660900
1074	0.031448990900
1073	0.031784270900
1072	0.032121510900
1071	0.032460700900
1070	0.032801850900
1069	0.033144950900
1068	0.033490010900
1067	0.033837030900
1066	0.034186000900
1065	0.034536930900
1064	0.034889820900
1063	0.035244670900
1062	0.035601480900
1061	0.035960250900
1060	0.036320980900
1059	0.036683670900
1058	0.037048320900
1057	0.037414940900
1056	0.037783520900
1055	0.038154060900
1054	0.038526560900
1053	0.038901030900
1052	0.039277460900
1051	0.039655860900
1050	0.040036220900
1049	0.040418540900
1048	0.040802830900
1047	0.041189080900
1046	0.041577300900
1045	0.041967490900
1044	0.042359640900
1043	0.042753760900
1042	0.043149840900
1041	0.043547890900
1040	0.043947910900
1039	0.044349890900
1038	0.044753840900
1037	0.045159750900
1036	0.045567630900
1035	0.045977480900
1034	0.046389290900
1033	0.046803070900
1032	0.047218820900
1031	0.047636530900
1030	0.048056210900
1029	0.048477860900
1028	0.048901470900
1027	0.049327050900
1026	0.049754590900
1025	0.050184100900
1024	0.050615580900
1023	0.051049020900
1022	0.051484430900
1021	0.051921800900
1020	0.052361140900
1019	0.052802440900
1018	0.053245710900
1017	0.053690940900
1016	0.054138130900
1015	0.054587290900
1014	0.055038410900
1013	0.055491490900
1012	0.055946540900
1011	0.056403550900
1010	0.056862520900
1009	0.057323450900
1008	0.057786350900
1007	0.058251210900
1006	0.058718030900
1005	0.059186810900
1004	0.059657550900
1003	0.060130250900
1002	0.060604910900
1001	0.061081530900
1000	0.061560100900
999	0.062040630900
998	0.062523120900
997	0.063007570900
996	0.063493970900
995	0.063982330900
994	0.064472640900
993	0.064964910900
992	0.065459130900
991	0.065955310900
990	0.066453440900
989	0.066953520900
988	0.067455550900
987	0.067959530900
986	0.068465460900
985	0.068973340900
984	0.069483170900
983	0.069994950900
982	0.070508680900
981	0.071024360900
980	0.071541980900
979	0.072061550900
978	0.072583070900
977	0.073106530900
976	0.073631930900
975	0.074159280900
974	0.074688570900
973	0.075219800900
972	0.075752970900
971	0.076288080900
970	0.076825130900
969	0.077364120900
968	0.077905050900
967	0.078447910900
966	0.078992710900
965	0.079539440900
964	0.080088110900
963	0.080638710900
962	0.081191240900
961	0.081745700900
960	0.082302090900
959	0.082860410900
958	0.083420660900
957	0.083982840900
956	0.084546950900
955	0.085112980900
954	0.085680940900
953	0.086250820900
952	0.086822620900
951	0.087396350900
950	0.087972000900
949	0.088549570900
948	0.089129060900
947	0.089710460900
946	0.090293780900
945	0.090879010900
944	0.091466160900
943	0.092055220900
942	0.092646200900
941	0.093239090900
940	0.093833890900
939	0.094430600900
938	0.095029210900
937	0.095629730900
936	0.096232160900
935	0.096836490900
934	0.097442720900
933	0.098050860900
932	0.098660900900
931	0.099272840900
930	0.099886670900
929	0.100502400900
928	0.101120030900
927	0.101739550900
926	0.102360960900
925	0.102984270900
924	0.103609470900
923	0.104236560900
922	0.104865540900
921	0.105496400900
920	0.106129150900
919	0.106763780900
918	0.107400290900
917	0.108038690900
916	0.108678970900
915	0.109321120900
914	0.109965150900
913	0.110611060900
912	0.111258840900
911	0.111908500900
910	0.112560030900
909	0.113213430900
908	0.113868700900
907	0.114525830900
906	0.115184830900
905	0.115845690900
904	0.116508420900
903	0.117173010900
902	0.117839460900
901	0.118507770900
900	0.119177930900
899	0.119849950900
898	0.120523820900
897	0.121199540900
896	0.121877110900
895	0.122556530800
894	0.123237800800
893	0.123920910800
892	0.124605870800
891	0.125292670800
890	0.125981310800
889	0.126671790800
888	0.127364110800
887	0.128058260800
886	0.128754250800
885	0.129452070800
884	0.130151720800
883	0.130853200800
882	0.131556500800
881	0.132261630800
880	0.132968580800
879	0.133677350800
878	0.134387940800
877	0.135100350800
876	0.135814580800
875	0.136530620800
874	0.137248470800
873	0.137968130800
872	0.138689600800
871	0.139412880800
870	0.140137970800
869	0.140864860800
868	0.141593550800
867	0.142324040800
866	0.143056330800
865	0.143790410800
864	0.144526280800
863	0.145263950800
862	0.146003400800
861	0.146744640800
860	0.147487670800
859	0.148232480800
858	0.148979070800
857	0.149727440800
856	0.150477590800
855	0.151229510800
854	0.151983210800
853	0.152738680800
852	0.153495920800
851	0.154254920800
850	0.155015690800
849	0.155778220800
848	0.156542510800
847	0.157308560800
846	0.158076360800
845	0.158845920800
844	0.159617230800
843	0.160390290800
842	0.161165090800
841	0.161941640800
840	0.162719930800
839	0.163499960800
838	0.164281730800
837	0.165065230800
836	0.165850470800
835	0.166637440800
834	0.167426140800
833	0.168216560800
832	0.169008710800
831	0.169802580800
830	0.170598170800
829	0.171395470800
828	0.172194490800
827	0.172995220800
826	0.173797660800
825	0.174601810800
824	0.175407660800
823	0.176215210800
822	0.177024460800
821	0.177835410800
820	0.178648050800
819	0.179462380800
818	0.180278400800
817	0.181096110800
816	0.181915500800
815	0.182736570800
814	0.183559320800
813	0.184383750800
812	0.185209850800
811	0.186037620800
810	0.186867060800
809	0.187698170800
808	0.188530940800
807	0.189365370800
806	0.190201460800
805	0.191039200800
804	0.191878590800
803	0.192719630800
802	0.193562320800
801	0.194406650800
800	0.195252620800
799	0.196100230800
798	0.196949480800
797	0.197800360800
796	0.198652870800
795	0.199507000800
794	0.200362760800
793	0.201220140800
792	0.202079130800
791	0.202939740800
790	0.203801960800
789	0.204665790800
788	0.205531220800
787	0.206398260800
786	0.207266900800
785	0.208137130800
784	0.209008960800
783	0.209882380800
782	0.210757380800
781	0.211633970800
780	0.212512140800
779	0.213391890800
778	0.214273210800
777	0.215156100800
776	0.216040560800
775	0.216926590800
774	0.217814180800
773	0.218703330800
772	0.219594030800
771	0.220486290800
770	0.221380090800
769	0.222275440800
768	0.223172330800
767	0.224070760800
766	0.224970730800
765	0.225872230700
764	0.226775260700
763	0.227679820700
762	0.228585900700
761	0.229493500700
760	0.230402610700
759	0.231313230700
758	0.232225360700
757	0.233139000700
756	0.234054140700
755	0.234970780700
754	0.235888910700
753	0.236808530700
752	0.237729640700
751	0.238652240700
750	0.239576320700
749	0.240501870700
748	0.241428900700
747	0.242357400700
746	0.243287360700
745	0.244218780700
744	0.245151660700
743	0.246086000700
742	0.247021790700
741	0.247959030700
740	0.248897710700
739	0.249837830700
738	0.250779390700
737	0.251722380700
736	0.252666800700
735	0.253612640700
734	0.254559900700
733	0.255508580700
732	0.256458670700
731	0.257410170700
730	0.258363080700
729	0.259317390700
728	0.260273100700
727	0.261230200700
726	0.262188690700
725	0.263148570700
724	0.264109830700
723	0.265072470700
722	0.266036480700
721	0.267001860700
720	0.267968610700
719	0.268936720700
718	0.269906190700
717	0.270877010700
716	0.271849180700
715	0.272822690700
714	0.273797540700
713	0.274773730700
712	0.275751250700
711	0.276730100700
710	0.277710280700
709	0.278691780700
708	0.279674590700
707	0.280658710700
706	0.281644140700
705	0.282630870700
704	0.283618900700
703	0.284608220700
702	0.285598830700
701	0.286590730700
700	0.287583910700
699	0.288578370700
698	0.289574100700
697	0.290571100700
696	0.291569360700
695	0.292568880700
694	0.293569680700
693	0.294571680700
692	0.295574980700
691	0.296579480700
690	0.297585180700
689	0.298592180700
688	0.299600380700
687	0.300609780700
686	0.301620380700
685	0.302632280700
684	0.303645380700
683	0.304659680700
682	0.305675180700
681	0.306691880700
680	0.307709680700
679	0.308728680700
678	0.309748880700
677	0.310770280700
676	0.311792880700
675	0.312816580700
674	0.313841480700
673	0.314867480700
672	0.315894680700
671	0.316922980700
670	0.317952480700
669	0.318983080700
668	0.320014780700
667	0.321047680700
666	0.322081680700
665	0.323116780700
664	0.324152980700
663	0.325190280700
662	0.326228680700
661	0.327268180700
660	0.328308780700
659	0.329350480600
658	0.330393280600
657	0.331437180600
656	0.332482080600
655	0.333528080600
654	0.334575180600
653	0.335623280600
652	0.336672480600
651	0.337722680600
650	0.338773880600
649	0.339826180600
648	0.340879480600
647	0.341933780600
646	0.342989180600
645	0.344045580600
644	0.345102980600
643	0.346161380600
642	0.347220780600
641	0.348281180600
640	0.349342580600
639	0.350404880600
638	0.351468180600
637	0.352532480600
636	0.353597680600
635	0.354663880600
634	0.355731080600
633	0.356799180600
632	0.357868280600
631	0.358938280600
630	0.360009180600
629	0.361080980600
628	0.362153780600
627	0.363227480600
626	0.364302080600
625	0.365377580600
624	0.366453980600
623	0.367531280600
622	0.368609480600
621	0.369688580600
620	0.370768480600
619	0.371849280600
618	0.372930980600
617	0.374013480600
616	0.375096880600
615	0.376181080600
614	0.377266180600
613	0.378352080600
612	0.379438780600
611	0.380526380600
610	0.381614780600
609	0.382703980600
608	0.383793980600
607	0.384884780600
606	0.385976380600
605	0.387068780600
604	0.388161880600
603	0.389255780600
602	0.390350480600
601	0.391445980600
600	0.392542180600
599	0.393639180600
598	0.394736880600
597	0.395835380600
596	0.396934580600
595	0.398034480600
594	0.399135080600
593	0.400236380600
592	0.401338480600
591	0.402441280600
590	0.403544780600
589	0.404648880600
588	0.405753680600
587	0.406859180600
586	0.407965380600
585	0.409072180600
584	0.410179680600
583	0.411287880600
582	0.412396680600
581	0.413506080600
580	0.414616180600
579	0.415726880600
578	0.416838180600
577	0.417950080600
576	0.419062580600
575	0.420175680600
574	0.421289380600
573	0.422403680600
572	0.423518580600
571	0.424634080600
570	0.425750180600
569	0.426866780600
568	0.427983980600
567	0.429101680600
566	0.430219980600
565	0.431338780600
564	0.432458080500
563	0.433577980500
562	0.434698380500
561	0.435819280500
560	0.436940680500
559	0.438062580500
558	0.439184980500
557	0.440307880500
556	0.441431180500
555	0.442554980500
554	0.443679280500
553	0.444803980500
552	0.445929180500
551	0.447054780500
550	0.448180880500
549	0.449307380500
548	0.450434280500
547	0.451561580500
546	0.452689280500
545	0.453817380500
544	0.454945880500
543	0.456074780500
542	0.457204080500
541	0.458333780500
540	0.459463880500
539	0.460594280500
538	0.461725080500
537	0.462856180500
536	0.463987680500
535	0.465119480500
534	0.466251580500
533	0.467383980500
532	0.468516780500
531	0.469649880500
530	0.470783280500
529	0.471916880500
528	0.473050780500
527	0.474184980500
526	0.475319480500
525	0.476454180500
524	0.477589180500
523	0.478724380500
522	0.479859880500
521	0.480995580500
520	0.482131480500
519	0.483267680500
518	0.484404080500
517	0.485540680500
516	0.486677480500
515	0.487814480500
514	0.488951680500
513	0.490088980500
512	0.491226480500
511	0.492364180500
510	0.493501980500
509	0.494639980500
508	0.495778080500
507	0.496916280500
506	0.498054680500
505	0.499193180500
504	0.500331780500
503	0.501470480500
502	0.502609280500
501	0.503748180500
500	0.504887180500
499	0.506026180500
498	0.507165280500
497	0.508304480500
496	0.509443680500
495	0.510582980500
494	0.511722280500
493	0.512861580500
492	0.514000880500
491	0.515140280500
490	0.516279680500
489	0.517419080500
488	0.518558480500
487	0.519697780500
486	0.520837080500
485	0.521976380500
484	0.523115680500
483	0.524254880500
482	0.525394080500
481	0.526533180500
480	0.527672180500
479	0.528811080500
478	0.529949980500
477	0.531088780500
476	0.532227480500
475	0.533366080500
474	0.534504480500
473	0.535642780400
472	0.536780980400
471	0.537919080400
470	0.539056980400
469	0.540194780400
468	0.541332380400
467	0.542469780400
466	0.543607080400
465	0.544744180400
464	0.545881080400
463	0.547017780400
462	0.548154280400
461	0.549290580400
460	0.550426580400
459	0.551562380400
458	0.552697980400
457	0.553833280400
456	0.554968380400
455	0.556103180400
454	0.557237680400
453	0.558371880400
452	0.559505880400
451	0.560639580400
450	0.561772980400
449	0.562906080400
448	0.564038780400
447	0.565171180400
446	0.566303280400
445	0.567434980400
444	0.568566380400
443	0.569697380400
442	0.570828080400
441	0.571958380400
440	0.573088280400
439	0.574217780400
438	0.575346880400
437	0.576475580400
436	0.577603880400
435	0.578731780400
434	0.579859280400
433	0.580986280400
432	0.582112880400
431	0.583238980400
430	0.584364680400
429	0.585489880400
428	0.586614580400
427	0.587738780400
426	0.588862580400
425	0.589985780400
424	0.591108480400
423	0.592230680400
422	0.593352380400
421	0.594473580400
420	0.595594180400
419	0.596714280400
418	0.597833780400
417	0.598952780400
416	0.600071180400
415	0.601188980400
414	0.602306180400
413	0.603422780400
412	0.604538780400
411	0.605654180400
410	0.606768980400
409	0.607883080400
408	0.608996580400
407	0.610109480400
406	0.611221680400
405	0.612333180400
404	0.613444080400
403	0.614554280400
402	0.615663780400
401	0.616772580400
400	0.617880680400
399	0.618988080400
398	0.620094780400
397	0.621200680400
396	0.622305880400
395	0.623410380400
394	0.624514080400
393	0.625617080400
392	0.626719280400
391	0.627820680400
390	0.628921280400
389	0.630021080400
388	0.631120080400
387	0.632218280400
386	0.633315680400
385	0.634412280400
384	0.635507980400
383	0.636602880400
382	0.637696980400
381	0.638790180400
380	0.639882480300
379	0.640973980300
378	0.642064580300
377	0.643154280300
376	0.644243080300
375	0.645330980300
374	0.646417980300
373	0.647503980300
372	0.648589080300
371	0.649673280300
370	0.650756480300
369	0.651838780300
368	0.652920080300
367	0.654000380300
366	0.655079680300
365	0.656157980300
364	0.657235380300
363	0.658311680300
362	0.659386980300
361	0.660461280300
360	0.661534580300
359	0.662606780300
358	0.663677980300
357	0.664748080300
356	0.665817180300
355	0.666885180300
354	0.667952080300
353	0.669017880300
352	0.670082580300
351	0.671146180300
350	0.672208680300
349	0.673270080300
348	0.674330380300
347	0.675389480300
346	0.676447480300
345	0.677504280300
344	0.678559980300
343	0.679614480300
342	0.680667780300
341	0.681719880300
340	0.682770880300
339	0.683820580300
338	0.684869080300
337	0.685916380300
336	0.686962480300
335	0.688007380300
334	0.689050980300
333	0.690093380300
332	0.691134480300
331	0.692174280300
330	0.693212880300
329	0.694250180300
328	0.695286180300
327	0.696320880300
326	0.697354280300
325	0.698386380300
324	0.699417080300
323	0.700446480300
322	0.701474580300
321	0.702501280300
320	0.703526680300
319	0.704550680300
318	0.705573280300
317	0.706594580300
316	0.707614480300
315	0.708632980300
314	0.709650080300
313	0.710665780300
312	0.711679980300
311	0.712692780300
310	0.713704180300
309	0.714714080300
308	0.715722580300
307	0.716729580300
306	0.717735080300
305	0.718739180300
304	0.719741780300
303	0.720742880300
302	0.721742470300
301	0.722740550300
300	0.723737120300
299	0.724732160300
298	0.725725670300
297	0.726717640300
296	0.727708070300
295	0.728696940300
294	0.729684250300
293	0.730669990300
292	0.731654150300
291	0.732636720300
290	0.733617700300
289	0.734597080300
288	0.735574850300
287	0.736551000300
286	0.737525520300
285	0.738498410300
284	0.739469660300
283	0.740439260300
282	0.741407200300
281	0.742373480200
280	0.743338090200
279	0.744301020200
278	0.745262260200
277	0.746221800200
276	0.747179640200
275	0.748135770200
274	0.749090180200
273	0.750042870200
272	0.750993820200
271	0.751943030200
270	0.752890500200
269	0.753836210200
268	0.754780160200
267	0.755722330200
266	0.756662730200
265	0.757601340200
264	0.758538160200
263	0.759473170200
262	0.760406380200
261	0.761337770200
260	0.762267340200
259	0.763195070200
258	0.764120970200
257	0.765045020200
256	0.765967220200
255	0.766887560200
254	0.767806030200
253	0.768722620200
252	0.769637330200
251	0.770550150200
250	0.771461070200
249	0.772370090200
248	0.773277190200
247	0.774182370200
246	0.775085630200
245	0.775986950200
244	0.776886330200
243	0.777783760200
242	0.778679240200
241	0.779572760200
240	0.780464310200
239	0.781353880200
238	0.782241460200
237	0.783127050200
236	0.784010650200
235	0.784892240200
234	0.785771820200
233	0.786649380200
232	0.787524910200
231	0.788398410200
230	0.789269870200
229	0.790139280200
228	0.791006640200
227	0.791871930200
226	0.792735160200
225	0.793596310200
224	0.794455380200
223	0.795312360200
222	0.796167250200
221	0.797020030200
220	0.797870700200
219	0.798719260200
218	0.799565700200
217	0.800410010200
216	0.801252180200
215	0.802092210200
214	0.802930090200
213	0.803765810200
212	0.804599370200
211	0.805430760200
210	0.806259980200
209	0.807087010200
208	0.807911850200
207	0.808734500200
206	0.809554950200
205	0.810373190200
204	0.811189210200
203	0.812003010200
202	0.812814590200
201	0.813623930200
200	0.814431030200
199	0.815235890200
198	0.816038490200
197	0.816838830200
196	0.817636910200
195	0.818432720200
194	0.819226250200
193	0.820017500200
192	0.820806460200
191	0.821593120200
190	0.822377480200
189	0.823159530200
188	0.823939260200
187	0.824716670200
186	0.825491760200
185	0.826264520200
184	0.827034940200
183	0.827803010200
182	0.828568730200
181	0.829332100200
180	0.830093110200
179	0.830851750200
178	0.831608010200
177	0.832361900200
176	0.833113400200
175	0.833862510200
174	0.834609220200
173	0.835353530200
172	0.836095430200
171	0.836834920200
170	0.837571990200
169	0.838306640200
168	0.839038860200
167	0.839768640200
166	0.840495980200
165	0.841220880200
164	0.841943330200
163	0.842663320200
162	0.843380850200
161	0.844095910200
160	0.844808500200
159	0.845518610200
158	0.846226240100
157	0.846931380100
156	0.847634020100
155	0.848334170100
154	0.849031810100
153	0.849726940100
152	0.850419560100
151	0.851109660100
150	0.851797240100
149	0.852482290100
148	0.853164810100
147	0.853844790100
146	0.854522220100
145	0.855197110100
144	0.855869440100
143	0.856539220100
142	0.857206440100
141	0.857871090100
140	0.858533170100
139	0.859192670100
138	0.859849590100
137	0.860503930100
136	0.861155680100
135	0.861804830100
134	0.862451380100
133	0.863095330100
132	0.863736670100
131	0.864375400100
130	0.865011520100
129	0.865645020100
128	0.866275890100
127	0.866904140100
126	0.867529750100
125	0.868152730100
124	0.868773070100
123	0.869390760100
122	0.870005800100
121	0.870618190100
120	0.871227920100
119	0.871834990100
118	0.872439400100
117	0.873041140100
116	0.873640210100
115	0.874236600100
114	0.874830320100
113	0.875421350100
112	0.876009700100
111	0.876595360100
110	0.877178320100
109	0.877758590100
108	0.878336160100
107	0.878911020100
106	0.879483180100
105	0.880052630100
104	0.880619360100
103	0.881183380100
102	0.881744670100
101	0.882303240100
100	0.882859090100
99	0.883412210100
98	0.883962590100
97	0.884510240100
96	0.885055150100
95	0.885597320100
94	0.886136740100
93	0.886673420100
92	0.887207350100
91	0.887738530100
90	0.888266950100
89	0.888792610100
88	0.889315510100
87	0.889835650100
86	0.890353030100
85	0.890867640100
84	0.891379480100
83	0.891888550100
82	0.892394840100
81	0.892898360100
80	0.893399100100
79	0.893897060100
78	0.894392230100
77	0.894884620100
76	0.895374220100
75	0.895861030100
74	0.896345050100
73	0.896826280100
72	0.897304720100
71	0.897780360100
70	0.898253200100
69	0.898723240100
68	0.899190480100
67	0.899654920100
66	0.900116560100
65	0.900575390100
64	0.901031420100
63	0.901484640100
62	0.901935060100
61	0.902382670100
60	0.902827470100
59	0.903269460100
58	0.903708640100
57	0.904145010100
56	0.904578570100
55	0.905009310100
54	0.905437240100
53	0.905862360100
52	0.906284670100
51	0.906704170100
50	0.907120860100
49	0.907534730100
48	0.907945790100
47	0.908354040100
46	0.908759480100
45	0.909162120100
44	0.909561950100
43	0.909958970100
42	0.910353190100
41	0.910744610100
40	0.911133230100
39	0.911519050100
38	0.911902080100
37	0.912282320100
36	0.912659770100
35	0.913034440100
34	0.913406330100
33	0.913775440100
32	0.914141780100
31	0.914505360100
30	0.914866180100
29	0.915224250100
28	0.915579570100
27	0.915932160100
26	0.916282020100
25	0.916629170100
24	0.916973610100
23	0.917315360100
22	0.917654430100
21	0.917990840100
20	0.918324600100
19	0.918655730100
18	0.918984260100
17	0.919310210100
16	0.919633600100
15	0.919954460100
14	0.920272830100
13	0.920588750100
12	0.920902250100
11	0.921213390100
10	0.921522220100
9	0.921828800100
8	0.922133190100
7	0.922435480100
6	0.922735740100
5	0.923034070100
4	0.923330550100
3	0.999415550000
2	0.999708600000
1	1.000000000000
