Energy(keV)	ProbaCum
8784.86	0.1067262921849150
6778.3	0.2733751543043630
6288.08	0.4398371994998530
6089.88	0.4560857722793820
6050.78	0.4979654270434400
5985	0.4979685934319820
5768	0.4989868373261650
5747	0.4991768206386640
5685.37	0.6573629260984480
5626	0.6574569678381350
5607	0.6581337417259060
5481	0.6581415277086780
5448.6	0.6665741203511820
5423.15	0.7868968849339500
5345	0.7868974848812530
5340.36	0.8322268366354260
5302	0.8322269032962370
5211	0.8329268418159710
5173	0.8333051419206840
5161	0.8333169742147080
5138	0.8333803019855410
5051	0.8333929675397080
5034	0.8333979671005630
4012.3	0.9637198533938110
3947.2	0.9998833435800440
3811.1	1.0000000000000000

