Energy(keV)	ProbaCum
2232.0	1.063E-008
2231.5	2.1931E-008
2231.0	3.3924E-008
2230.5	4.6629E-008
2230.0	6.0067E-008
2229.5	7.4258E-008
2229.0	8.9222E-008
2228.5	0.000000105
2228.0	1.2155E-007
2227.5	0.000000139
2227.0	1.57214E-007
2226.5	1.76347E-007
2226.0	1.96375E-007
2225.5	2.17317E-007
2225.0	2.39194E-007
2224.5	0.000000262
2224.0	2.85833E-007
2223.5	3.10635E-007
2223.0	3.36452E-007
2222.5	3.63305E-007
2222.0	3.91213E-007
2221.5	4.20196E-007
2221.0	4.50275E-007
2220.5	4.81469E-007
2220.0	5.13798E-007
2219.5	5.47282E-007
2219.0	5.81942E-007
2218.5	6.17797E-007
2218.0	6.54867E-007
2217.5	6.93172E-007
2217.0	7.32731E-007
2216.5	7.73565E-007
2216.0	8.15693E-007
2215.5	8.59136E-007
2215.0	9.03913E-007
2214.5	0.00000095
2214.0	9.97547E-007
2213.5	1.046444E-006
2213.0	1.096754E-006
2212.5	1.148497E-006
2212.0	1.201692E-006
2211.5	1.256359E-006
2211.0	1.312518E-006
2210.5	1.370188E-006
2210.0	1.429389E-006
2209.5	1.490141E-006
2209.0	1.552463E-006
2208.5	1.616375E-006
2208.0	1.681896E-006
2207.5	0.000001749
2207.0	1.817844E-006
2206.5	1.88831E-006
2206.0	1.960463E-006
2205.5	2.034323E-006
2205.0	2.109909E-006
2204.5	2.187241E-006
2204.0	2.266338E-006
2203.5	2.347219E-006
2203.0	2.429904E-006
2202.5	2.514412E-006
2202.0	2.600762E-006
2201.5	0.000002689
2201.0	2.779067E-006
2200.5	2.87106E-006
2200.0	0.000002965
2199.5	3.060825E-006
2199.0	3.158635E-006
2198.5	3.25842E-006
2198.0	3.3602E-006
2197.5	0.000003464
2197.0	3.56983E-006
2196.5	3.67772E-006
2196.0	3.78768E-006
2195.5	3.89973E-006
2195.0	4.01389E-006
2194.5	4.13018E-006
2194.0	4.24862E-006
2193.5	4.36923E-006
2193.0	0.000004492
2192.5	0.000004617
2192.0	4.74427E-006
2191.5	4.87375E-006
2191.0	5.00549E-006
2190.5	5.13951E-006
2190.0	5.27583E-006
2189.5	5.41447E-006
2189.0	5.55545E-006
2188.5	5.69879E-006
2188.0	5.84451E-006
2187.5	5.99262E-006
2187.0	6.14315E-006
2186.5	6.29611E-006
2186.0	6.45152E-006
2185.5	6.6094E-006
2185.0	6.76977E-006
2184.5	6.93265E-006
2184.0	7.09805E-006
2183.5	0.000007266
2183.0	7.43651E-006
2182.5	7.60961E-006
2182.0	7.78531E-006
2181.5	7.96363E-006
2181.0	8.14459E-006
2180.5	8.3282E-006
2180.0	8.51449E-006
2179.5	8.70347E-006
2179.0	8.89517E-006
2178.5	9.0896E-006
2178.0	9.28678E-006
2177.5	9.48673E-006
2177.0	9.68946E-006
2176.5	0.000009895
2176.0	1.010336E-005
2175.5	1.031456E-005
2175.0	1.052862E-005
2174.5	1.074556E-005
2174.0	1.09654E-005
2173.5	1.118815E-005
2173.0	1.141384E-005
2172.5	1.164248E-005
2172.0	1.187409E-005
2171.5	1.210869E-005
2171.0	1.23463E-005
2170.5	1.258693E-005
2170.0	1.28306E-005
2169.5	1.307733E-005
2169.0	1.332714E-005
2168.5	1.358005E-005
2168.0	1.383608E-005
2167.5	1.409524E-005
2167.0	1.435755E-005
2166.5	0.000014623
2166.0	1.48917E-005
2165.5	1.516358E-005
2165.0	1.543868E-005
2164.5	0.000015717
2164.0	1.599864E-005
2163.5	1.628353E-005
2163.0	1.657171E-005
2162.5	1.686321E-005
2162.0	0.000017158
2161.5	1.745622E-005
2161.0	1.775777E-005
2160.5	1.80627E-005
2160.0	0.000018371
2159.5	1.86828E-005
2159.0	0.000018998
2158.5	1.931665E-005
2158.0	1.963878E-005
2157.5	1.99644E-005
2157.0	2.029353E-005
2156.5	2.062619E-005
2156.0	2.09624E-005
2155.5	2.130217E-005
2155.0	2.164552E-005
2154.5	2.199247E-005
2154.0	0.000022343
2153.5	2.269724E-005
2153.0	2.30551E-005
2152.5	2.341663E-005
2152.0	2.378184E-005
2151.5	2.415076E-005
2151.0	2.45234E-005
2150.5	2.489978E-005
2150.0	2.527992E-005
2149.5	2.566383E-005
2149.0	2.605154E-005
2148.5	2.644306E-005
2148.0	2.68384E-005
2147.5	2.723759E-005
2147.0	2.764064E-005
2146.5	2.804757E-005
2146.0	2.84584E-005
2145.5	2.887314E-005
2145.0	2.929181E-005
2144.5	2.971443E-005
2144.0	0.000030141
2143.5	3.057159E-005
2143.0	3.100616E-005
2142.5	3.144475E-005
2142.0	3.188738E-005
2141.5	3.233406E-005
2141.0	3.278481E-005
2140.5	3.323965E-005
2140.0	3.369859E-005
2139.5	3.416165E-005
2139.0	3.462885E-005
2138.5	3.510021E-005
2138.0	3.557574E-005
2137.5	3.605546E-005
2137.0	3.653939E-005
2136.5	3.702754E-005
2136.0	3.751993E-005
2135.5	3.801658E-005
2135.0	3.851751E-005
2134.5	3.902273E-005
2134.0	3.953226E-005
2133.5	4.004611E-005
2133.0	4.056431E-005
2132.5	4.108687E-005
2132.0	4.16138E-005
2131.5	4.214513E-005
2131.0	4.268087E-005
2130.5	0.000043221
2130.0	4.376565E-005
2129.5	4.431472E-005
2129.0	4.486827E-005
2128.5	4.542631E-005
2128.0	4.598887E-005
2127.5	0.000046556
2127.0	4.712758E-005
2126.5	4.770377E-005
2126.0	4.828454E-005
2125.5	4.88699E-005
2125.0	4.945988E-005
2124.5	5.005448E-005
2124.0	5.065373E-005
2123.5	5.125764E-005
2123.0	5.186623E-005
2122.5	5.247951E-005
2122.0	5.30975E-005
2121.5	5.372022E-005
2121.0	5.434769E-005
2120.5	5.497992E-005
2120.0	5.561692E-005
2119.5	5.625872E-005
2119.0	5.690533E-005
2118.5	5.755677E-005
2118.0	5.821305E-005
2117.5	5.887419E-005
2117.0	5.95402E-005
2116.5	6.021111E-005
2116.0	6.088693E-005
2115.5	6.156767E-005
2115.0	6.225335E-005
2114.5	0.000062944
2114.0	6.36396E-005
2113.5	6.43402E-005
2113.0	6.504581E-005
2112.5	6.575644E-005
2112.0	6.647211E-005
2111.5	6.719284E-005
2111.0	6.791864E-005
2110.5	6.864953E-005
2110.0	6.938552E-005
2109.5	7.012663E-005
2109.0	7.087288E-005
2108.5	7.162428E-005
2108.0	7.238085E-005
2107.5	7.31426E-005
2107.0	7.390955E-005
2106.5	7.468172E-005
2106.0	7.545912E-005
2105.5	7.624177E-005
2105.0	7.702968E-005
2104.5	7.782287E-005
2104.0	7.862136E-005
2103.5	7.942516E-005
2103.0	8.023429E-005
2102.5	8.104876E-005
2102.0	8.186859E-005
2101.5	8.26938E-005
2101.0	8.35244E-005
2100.5	8.436041E-005
2100.0	8.520184E-005
2099.5	8.604871E-005
2099.0	0.000086901
2098.5	8.775884E-005
2098.0	8.862212E-005
2097.5	8.949091E-005
2097.0	9.036521E-005
2096.5	9.124505E-005
2096.0	9.213044E-005
2095.5	9.302139E-005
2095.0	9.391792E-005
2094.5	9.482005E-005
2094.0	9.572779E-005
2093.5	9.664116E-005
2093.0	9.756017E-005
2092.5	9.848484E-005
2092.0	9.941518E-005
2091.5	0.0001003512
2091.0	0.000101293
2090.5	0.0001022404
2090.0	0.0001031936
2089.5	0.0001041526
2089.0	0.0001051173
2088.5	0.0001060878
2088.0	0.0001070641
2087.5	0.0001080462
2087.0	0.0001090341
2086.5	0.0001100279
2086.0	0.0001110275
2085.5	0.000112033
2085.0	0.0001130444
2084.5	0.0001140617
2084.0	0.0001150849
2083.5	0.0001161141
2083.0	0.0001171492
2082.5	0.0001181903
2082.0	0.0001192374
2081.5	0.0001202905
2081.0	0.0001213496
2080.5	0.0001224147
2080.0	0.0001234858
2079.5	0.000124563
2079.0	0.0001256463
2078.5	0.0001267357
2078.0	0.0001278312
2077.5	0.0001289328
2077.0	0.0001300405
2076.5	0.0001311544
2076.0	0.0001322744
2075.5	0.0001334006
2075.0	0.000134533
2074.5	0.0001356716
2074.0	0.0001368164
2073.5	0.0001379675
2073.0	0.0001391248
2072.5	0.0001402884
2072.0	0.0001414583
2071.5	0.0001426345
2071.0	0.000143817
2070.5	0.0001450058
2070.0	0.0001462009
2069.5	0.0001474024
2069.0	0.0001486103
2068.5	0.0001498246
2068.0	0.0001510453
2067.5	0.0001522724
2067.0	0.0001535059
2066.5	0.0001547459
2066.0	0.0001559924
2065.5	0.0001572454
2065.0	0.0001585049
2064.5	0.0001597709
2064.0	0.0001610435
2063.5	0.0001623226
2063.0	0.0001636083
2062.5	0.0001649006
2062.0	0.0001661996
2061.5	0.0001675052
2061.0	0.0001688175
2060.5	0.0001701364
2060.0	0.000171462
2059.5	0.0001727943
2059.0	0.0001741334
2058.5	0.0001754792
2058.0	0.0001768318
2057.5	0.0001781912
2057.0	0.0001795574
2056.5	0.0001809304
2056.0	0.0001823102
2055.5	0.0001836969
2055.0	0.0001850905
2054.5	0.000186491
2054.0	0.0001878984
2053.5	0.0001893127
2053.0	0.000190734
2052.5	0.0001921622
2052.0	0.0001935974
2051.5	0.0001950396
2051.0	0.0001964888
2050.5	0.000197945
2050.0	0.0001994083
2049.5	0.0002008787
2049.0	0.0002023562
2048.5	0.0002038408
2048.0	0.0002053325
2047.5	0.0002068313
2047.0	0.0002083373
2046.5	0.0002098504
2046.0	0.0002113707
2045.5	0.0002128982
2045.0	0.000214433
2044.5	0.000215975
2044.0	0.0002175243
2043.5	0.0002190809
2043.0	0.0002206448
2042.5	0.000222216
2042.0	0.0002237945
2041.5	0.0002253803
2041.0	0.0002269735
2040.5	0.0002285741
2040.0	0.0002301821
2039.5	0.0002317975
2039.0	0.0002334203
2038.5	0.0002350506
2038.0	0.0002366884
2037.5	0.0002383336
2037.0	0.0002399863
2036.5	0.0002416466
2036.0	0.0002433144
2035.5	0.0002449897
2035.0	0.0002466726
2034.5	0.0002483631
2034.0	0.0002500612
2033.5	0.0002517669
2033.0	0.0002534803
2032.5	0.0002552013
2032.0	0.00025693
2031.5	0.0002586664
2031.0	0.0002604105
2030.5	0.0002621623
2030.0	0.0002639218
2029.5	0.0002656891
2029.0	0.0002674642
2028.5	0.0002692471
2028.0	0.0002710378
2027.5	0.0002728363
2027.0	0.0002746426
2026.5	0.0002764568
2026.0	0.0002782789
2025.5	0.0002801088
2025.0	0.0002819466
2024.5	0.0002837924
2024.0	0.0002856461
2023.5	0.0002875078
2023.0	0.0002893774
2022.5	0.000291255
2022.0	0.0002931406
2021.5	0.0002950342
2021.0	0.0002969359
2020.5	0.0002988456
2020.0	0.0003007634
2019.5	0.0003026893
2019.0	0.0003046233
2018.5	0.0003065654
2018.0	0.0003085157
2017.5	0.0003104741
2017.0	0.0003124407
2016.5	0.0003144155
2016.0	0.0003163985
2015.5	0.0003183897
2015.0	0.0003203891
2014.5	0.0003223968
2014.0	0.0003244127
2013.5	0.0003264369
2013.0	0.0003284694
2012.5	0.0003305102
2012.0	0.0003325594
2011.5	0.0003346169
2011.0	0.0003366828
2010.5	0.000338757
2010.0	0.0003408396
2009.5	0.0003429306
2009.0	0.0003450301
2008.5	0.000347138
2008.0	0.0003492544
2007.5	0.0003513793
2007.0	0.0003535126
2006.5	0.0003556544
2006.0	0.0003578048
2005.5	0.0003599637
2005.0	0.0003621312
2004.5	0.0003643072
2004.0	0.0003664918
2003.5	0.000368685
2003.0	0.0003708868
2002.5	0.0003730973
2002.0	0.0003753164
2001.5	0.0003775442
2001.0	0.0003797807
2000.5	0.0003820259
2000.0	0.0003842798
1999.5	0.0003865424
1999.0	0.0003888137
1998.5	0.0003910938
1998.0	0.0003933827
1997.5	0.0003956804
1997.0	0.0003979869
1996.5	0.0004003022
1996.0	0.0004026263
1995.5	0.0004049593
1995.0	0.0004073011
1994.5	0.0004096518
1994.0	0.0004120114
1993.5	0.0004143799
1993.0	0.0004167574
1992.5	0.0004191438
1992.0	0.0004215392
1991.5	0.0004239435
1991.0	0.0004263568
1990.5	0.0004287791
1990.0	0.0004312105
1989.5	0.0004336509
1989.0	0.0004361003
1988.5	0.0004385588
1988.0	0.0004410264
1987.5	0.0004435031
1987.0	0.0004459889
1986.5	0.0004484838
1986.0	0.0004509879
1985.5	0.0004535011
1985.0	0.0004560235
1984.5	0.0004585551
1984.0	0.0004610959
1983.5	0.0004636459
1983.0	0.0004662051
1982.5	0.0004687736
1982.0	0.0004713513
1981.5	0.0004739383
1981.0	0.0004765346
1980.5	0.0004791402
1980.0	0.0004817551
1979.5	0.0004843794
1979.0	0.000487013
1978.5	0.000489656
1978.0	0.0004923084
1977.5	0.0004949702
1977.0	0.0004976414
1976.5	0.000500322
1976.0	0.0005030121
1975.5	0.0005057116
1975.0	0.0005084206
1974.5	0.0005111391
1974.0	0.0005138671
1973.5	0.0005166046
1973.0	0.0005193516
1972.5	0.0005221082
1972.0	0.0005248743
1971.5	0.00052765
1971.0	0.0005304353
1970.5	0.0005332302
1970.0	0.0005360347
1969.5	0.0005388488
1969.0	0.0005416726
1968.5	0.000544506
1968.0	0.0005473491
1967.5	0.0005502019
1967.0	0.0005530644
1966.5	0.0005559366
1966.0	0.0005588185
1965.5	0.0005617102
1965.0	0.0005646116
1964.5	0.0005675228
1964.0	0.0005704438
1963.5	0.0005733746
1963.0	0.0005763152
1962.5	0.0005792657
1962.0	0.000582226
1961.5	0.0005851962
1961.0	0.0005881762
1960.5	0.0005911661
1960.0	0.0005941659
1959.5	0.0005971756
1959.0	0.0006001953
1958.5	0.0006032249
1958.0	0.0006062645
1957.5	0.000609314
1957.0	0.0006123735
1956.5	0.000615443
1956.0	0.0006185225
1955.5	0.0006216121
1955.0	0.0006247117
1954.5	0.0006278214
1954.0	0.0006309411
1953.5	0.0006340709
1953.0	0.0006372108
1952.5	0.0006403608
1952.0	0.000643521
1951.5	0.0006466913
1951.0	0.0006498718
1950.5	0.0006530624
1950.0	0.0006562632
1949.5	0.0006594742
1949.0	0.0006626954
1948.5	0.0006659268
1948.0	0.0006691685
1947.5	0.0006724204
1947.0	0.0006756826
1946.5	0.0006789551
1946.0	0.0006822379
1945.5	0.000685531
1945.0	0.0006888344
1944.5	0.0006921481
1944.0	0.0006954722
1943.5	0.0006988066
1943.0	0.0007021514
1942.5	0.0007055066
1942.0	0.0007088722
1941.5	0.0007122482
1941.0	0.0007156346
1940.5	0.0007190314
1940.0	0.0007224387
1939.5	0.0007258565
1939.0	0.0007292847
1938.5	0.0007327234
1938.0	0.0007361726
1937.5	0.0007396324
1937.0	0.0007431027
1936.5	0.0007465835
1936.0	0.0007500749
1935.5	0.0007535769
1935.0	0.0007570895
1934.5	0.0007606127
1934.0	0.0007641465
1933.5	0.0007676909
1933.0	0.000771246
1932.5	0.0007748117
1932.0	0.0007783881
1931.5	0.0007819752
1931.0	0.000785573
1930.5	0.0007891815
1930.0	0.0007928007
1929.5	0.0007964307
1929.0	0.0008000714
1928.5	0.0008037229
1928.0	0.0008073852
1927.5	0.0008110582
1927.0	0.0008147421
1926.5	0.0008184368
1926.0	0.0008221423
1925.5	0.0008258586
1925.0	0.0008295858
1924.5	0.0008333239
1924.0	0.0008370729
1923.5	0.0008408328
1923.0	0.0008446036
1922.5	0.0008483853
1922.0	0.0008521779
1921.5	0.0008559815
1921.0	0.000859796
1920.5	0.0008636215
1920.0	0.000867458
1919.5	0.0008713055
1919.0	0.000875164
1918.5	0.0008790336
1918.0	0.0008829142
1917.5	0.0008868059
1917.0	0.0008907086
1916.5	0.0008946224
1916.0	0.0008985473
1915.5	0.0009024833
1915.0	0.0009064304
1914.5	0.0009103887
1914.0	0.0009143581
1913.5	0.0009183387
1913.0	0.0009223304
1912.5	0.0009263333
1912.0	0.0009303474
1911.5	0.0009343727
1911.0	0.0009384092
1910.5	0.000942457
1910.0	0.000946516
1909.5	0.0009505863
1909.0	0.0009546679
1908.5	0.0009587607
1908.0	0.0009628648
1907.5	0.0009669802
1907.0	0.000971107
1906.5	0.0009752451
1906.0	0.0009793946
1905.5	0.0009835554
1905.0	0.0009877276
1904.5	0.0009919112
1904.0	0.0009961062
1903.5	0.0010003126
1903.0	0.0010045304
1902.5	0.0010087596
1902.0	0.0010130003
1901.5	0.0010172525
1901.0	0.0010215161
1900.5	0.0010257912
1900.0	0.0010300778
1899.5	0.0010343759
1899.0	0.0010386855
1898.5	0.0010430067
1898.0	0.0010473394
1897.5	0.0010516837
1897.0	0.0010560395
1896.5	0.0010604069
1896.0	0.0010647859
1895.5	0.0010691765
1895.0	0.0010735788
1894.5	0.0010779927
1894.0	0.0010824182
1893.5	0.0010868554
1893.0	0.0010913043
1892.5	0.0010957648
1892.0	0.001100237
1891.5	0.0011047209
1891.0	0.0011092165
1890.5	0.0011137239
1890.0	0.001118243
1889.5	0.0011227739
1889.0	0.0011273165
1888.5	0.0011318709
1888.0	0.0011364371
1887.5	0.0011410151
1887.0	0.0011456049
1886.5	0.0011502065
1886.0	0.00115482
1885.5	0.0011594453
1885.0	0.0011640825
1884.5	0.0011687315
1884.0	0.0011733924
1883.5	0.0011780652
1883.0	0.0011827499
1882.5	0.0011874465
1882.0	0.0011921551
1881.5	0.0011968756
1881.0	0.0012016081
1880.5	0.0012063525
1880.0	0.0012111089
1879.5	0.0012158773
1879.0	0.0012206577
1878.5	0.0012254501
1878.0	0.0012302545
1877.5	0.0012350709
1877.0	0.0012398994
1876.5	0.0012447399
1876.0	0.0012495925
1875.5	0.0012544572
1875.0	0.001259334
1874.5	0.0012642229
1874.0	0.0012691239
1873.5	0.001274037
1873.0	0.0012789622
1872.5	0.0012838996
1872.0	0.0012888492
1871.5	0.0012938109
1871.0	0.0012987848
1870.5	0.0013037709
1870.0	0.0013087692
1869.5	0.0013137797
1869.0	0.0013188024
1868.5	0.0013238374
1868.0	0.0013288846
1867.5	0.0013339441
1867.0	0.0013390159
1866.5	0.0013440999
1866.0	0.0013491962
1865.5	0.0013543048
1865.0	0.0013594257
1864.5	0.001364559
1864.0	0.0013697046
1863.5	0.0013748626
1863.0	0.0013800329
1862.5	0.0013852156
1862.0	0.0013904107
1861.5	0.0013956182
1861.0	0.0014008381
1860.5	0.0014060704
1860.0	0.0014113151
1859.5	0.0014165722
1859.0	0.0014218418
1858.5	0.0014271238
1858.0	0.0014324183
1857.5	0.0014377253
1857.0	0.0014430448
1856.5	0.0014483768
1856.0	0.0014537213
1855.5	0.0014590783
1855.0	0.0014644478
1854.5	0.0014698299
1854.0	0.0014752245
1853.5	0.0014806317
1853.0	0.0014860515
1852.5	0.0014914838
1852.0	0.0014969287
1851.5	0.0015023862
1851.0	0.0015078564
1850.5	0.0015133392
1850.0	0.0015188346
1849.5	0.0015243427
1849.0	0.0015298634
1848.5	0.0015353968
1848.0	0.0015409429
1847.5	0.0015465017
1847.0	0.0015520732
1846.5	0.0015576574
1846.0	0.0015632543
1845.5	0.0015688639
1845.0	0.0015744863
1844.5	0.0015801214
1844.0	0.0015857693
1843.5	0.0015914299
1843.0	0.0015971033
1842.5	0.0016027895
1842.0	0.0016084885
1841.5	0.0016142003
1841.0	0.001619925
1840.5	0.0016256625
1840.0	0.0016314128
1839.5	0.001637176
1839.0	0.0016429521
1838.5	0.001648741
1838.0	0.0016545428
1837.5	0.0016603575
1837.0	0.0016661851
1836.5	0.0016720256
1836.0	0.0016778791
1835.5	0.0016837455
1835.0	0.0016896248
1834.5	0.0016955171
1834.0	0.0017014223
1833.5	0.0017073405
1833.0	0.0017132717
1832.5	0.0017192159
1832.0	0.0017251731
1831.5	0.0017311433
1831.0	0.0017371265
1830.5	0.0017431228
1830.0	0.0017491321
1829.5	0.0017551545
1829.0	0.0017611899
1828.5	0.0017672384
1828.0	0.0017733
1827.5	0.0017793747
1827.0	0.0017854625
1826.5	0.0017915634
1826.0	0.0017976774
1825.5	0.0018038045
1825.0	0.0018099448
1824.5	0.0018160982
1824.0	0.0018222648
1823.5	0.0018284445
1823.0	0.0018346374
1822.5	0.0018408435
1822.0	0.0018470628
1821.5	0.0018532953
1821.0	0.001859541
1820.5	0.0018658
1820.0	0.0018720722
1819.5	0.0018783576
1819.0	0.0018846563
1818.5	0.0018909683
1818.0	0.0018972935
1817.5	0.001903632
1817.0	0.0019099838
1816.5	0.0019163489
1816.0	0.0019227273
1815.5	0.001929119
1815.0	0.0019355241
1814.5	0.0019419425
1814.0	0.0019483742
1813.5	0.0019548193
1813.0	0.0019612778
1812.5	0.0019677496
1812.0	0.0019742348
1811.5	0.0019807334
1811.0	0.0019872454
1810.5	0.0019937708
1810.0	0.0020003096
1809.5	0.0020068619
1809.0	0.0020134276
1808.5	0.0020200067
1808.0	0.0020265993
1807.5	0.0020332054
1807.0	0.0020398249
1806.5	0.0020464579
1806.0	0.0020531044
1805.5	0.0020597644
1805.0	0.0020664379
1804.5	0.0020731249
1804.0	0.0020798255
1803.5	0.0020865396
1803.0	0.0020932673
1802.5	0.0021000085
1802.0	0.0021067633
1801.5	0.0021135316
1801.0	0.0021203135
1800.5	0.002127109
1800.0	0.0021339181
1799.5	0.0021407408
1799.0	0.0021475771
1798.5	0.0021544271
1798.0	0.0021612907
1797.5	0.0021681679
1797.0	0.0021750588
1796.5	0.0021819633
1796.0	0.0021888815
1795.5	0.0021958134
1795.0	0.002202759
1794.5	0.0022097183
1794.0	0.0022166914
1793.5	0.0022236783
1793.0	0.002230679
1792.5	0.0022376935
1792.0	0.0022447218
1791.5	0.002251764
1791.0	0.0022588201
1790.5	0.0022658901
1790.0	0.002272974
1789.5	0.0022800718
1789.0	0.0022871836
1788.5	0.0022943094
1788.0	0.0023014492
1787.5	0.002308603
1787.0	0.0023157709
1786.5	0.0023229528
1786.0	0.0023301488
1785.5	0.0023373589
1785.0	0.0023445831
1784.5	0.0023518215
1784.0	0.0023590741
1783.5	0.0023663408
1783.0	0.0023736218
1782.5	0.002380917
1782.0	0.0023882264
1781.5	0.0023955501
1781.0	0.0024028881
1780.5	0.0024102404
1780.0	0.002417607
1779.5	0.002424988
1779.0	0.0024323834
1778.5	0.0024397931
1778.0	0.0024472173
1777.5	0.0024546559
1777.0	0.0024621089
1776.5	0.0024695764
1776.0	0.0024770584
1775.5	0.0024845549
1775.0	0.0024920659
1774.5	0.0024995915
1774.0	0.0025071317
1773.5	0.0025146864
1773.0	0.0025222557
1772.5	0.0025298397
1772.0	0.0025374383
1771.5	0.0025450516
1771.0	0.0025526796
1770.5	0.0025603223
1770.0	0.0025679797
1769.5	0.0025756519
1769.0	0.0025833388
1768.5	0.0025910405
1768.0	0.002598757
1767.5	0.0026064883
1767.0	0.0026142345
1766.5	0.0026219955
1766.0	0.0026297714
1765.5	0.0026375622
1765.0	0.0026453679
1764.5	0.0026531886
1764.0	0.0026610242
1763.5	0.0026688748
1763.0	0.0026767404
1762.5	0.002684621
1762.0	0.0026925167
1761.5	0.0027004274
1761.0	0.0027083532
1760.5	0.0027162941
1760.0	0.0027242501
1759.5	0.0027322212
1759.0	0.0027402075
1758.5	0.0027482089
1758.0	0.0027562255
1757.5	0.0027642573
1757.0	0.0027723043
1756.5	0.0027803666
1756.0	0.0027884441
1755.5	0.0027965369
1755.0	0.002804645
1754.5	0.0028127684
1754.0	0.0028209072
1753.5	0.0028290613
1753.0	0.0028372308
1752.5	0.0028454157
1752.0	0.002853616
1751.5	0.0028618317
1751.0	0.0028700629
1750.5	0.0028783095
1750.0	0.0028865716
1749.5	0.0028948492
1749.0	0.0029031423
1748.5	0.002911451
1748.0	0.0029197752
1747.5	0.002928115
1747.0	0.0029364704
1746.5	0.0029448414
1746.0	0.002953228
1745.5	0.0029616303
1745.0	0.0029700482
1744.5	0.0029784818
1744.0	0.0029869311
1743.5	0.0029953961
1743.0	0.0030038769
1742.5	0.0030123734
1742.0	0.0030208857
1741.5	0.0030294138
1741.0	0.0030379577
1740.5	0.0030465174
1740.0	0.0030550929
1739.5	0.0030636843
1739.0	0.0030722916
1738.5	0.0030809148
1738.0	0.0030895539
1737.5	0.0030982089
1737.0	0.0031068799
1736.5	0.0031155668
1736.0	0.0031242697
1735.5	0.0031329886
1735.0	0.0031417235
1734.5	0.0031504745
1734.0	0.0031592415
1733.5	0.0031680246
1733.0	0.0031768238
1732.5	0.0031856391
1732.0	0.0031944705
1731.5	0.003203318
1731.0	0.0032121817
1730.5	0.0032210616
1730.0	0.0032299577
1729.5	0.00323887
1729.0	0.0032477985
1728.5	0.0032567433
1728.0	0.0032657044
1727.5	0.0032746819
1727.0	0.0032836757
1726.5	0.0032926859
1726.0	0.0033017125
1725.5	0.0033107555
1725.0	0.003319815
1724.5	0.0033288909
1724.0	0.0033379833
1723.5	0.0033470923
1723.0	0.0033562178
1722.5	0.0033653599
1722.0	0.0033745186
1721.5	0.0033836939
1721.0	0.0033928859
1720.5	0.0034020946
1720.0	0.00341132
1719.5	0.0034205621
1719.0	0.0034298209
1718.5	0.0034390965
1718.0	0.0034483889
1717.5	0.0034576981
1717.0	0.0034670242
1716.5	0.0034763671
1716.0	0.0034857269
1715.5	0.0034951036
1715.0	0.0035044973
1714.5	0.003513908
1714.0	0.0035233356
1713.5	0.0035327803
1713.0	0.003542242
1712.5	0.0035517208
1712.0	0.0035612166
1711.5	0.0035707296
1711.0	0.0035802597
1710.5	0.003589807
1710.0	0.0035993714
1709.5	0.003608953
1709.0	0.0036185519
1708.5	0.003628168
1708.0	0.0036378014
1707.5	0.0036474521
1707.0	0.0036571201
1706.5	0.0036668055
1706.0	0.0036765082
1705.5	0.0036862283
1705.0	0.0036959659
1704.5	0.0037057209
1704.0	0.0037154934
1703.5	0.0037252834
1703.0	0.0037350909
1702.5	0.0037449159
1702.0	0.0037547585
1701.5	0.0037646186
1701.0	0.0037744963
1700.5	0.0037843917
1700.0	0.0037943047
1699.5	0.0038042354
1699.0	0.0038141838
1698.5	0.0038241499
1698.0	0.003834134
1697.5	0.003844136
1697.0	0.003854155
1696.5	0.003864192
1696.0	0.003874247
1695.5	0.00388432
1695.0	0.003894411
1694.5	0.00390452
1694.0	0.003914647
1693.5	0.003924792
1693.0	0.003934955
1692.5	0.003945136
1692.0	0.003955335
1691.5	0.003965552
1691.0	0.003975787
1690.5	0.00398604
1690.0	0.003996311
1689.5	0.0040066
1689.0	0.004016907
1688.5	0.004027232
1688.0	0.004037575
1687.5	0.004047937
1687.0	0.004058317
1686.5	0.004068715
1686.0	0.004079131
1685.5	0.004089566
1685.0	0.004100019
1684.5	0.00411049
1684.0	0.00412098
1683.5	0.004131488
1683.0	0.004142015
1682.5	0.00415256
1682.0	0.004163123
1681.5	0.004173705
1681.0	0.004184305
1680.5	0.004194924
1680.0	0.004205561
1679.5	0.004216217
1679.0	0.004226892
1678.5	0.004237585
1678.0	0.004248297
1677.5	0.004259027
1677.0	0.004269776
1676.5	0.004280544
1676.0	0.004291331
1675.5	0.004302136
1675.0	0.00431296
1674.5	0.004323803
1674.0	0.004334665
1673.5	0.004345545
1673.0	0.004356444
1672.5	0.004367362
1672.0	0.004378299
1671.5	0.004389255
1671.0	0.00440023
1670.5	0.004411224
1670.0	0.004422237
1669.5	0.004433269
1669.0	0.00444432
1668.5	0.00445539
1668.0	0.004466479
1667.5	0.004477587
1667.0	0.004488714
1666.5	0.00449986
1666.0	0.004511025
1665.5	0.004522209
1665.0	0.004533413
1664.5	0.004544636
1664.0	0.004555878
1663.5	0.004567139
1663.0	0.004578419
1662.5	0.004589719
1662.0	0.004601038
1661.5	0.004612376
1661.0	0.004623734
1660.5	0.004635111
1660.0	0.004646507
1659.5	0.004657923
1659.0	0.004669358
1658.5	0.004680813
1658.0	0.004692287
1657.5	0.004703781
1657.0	0.004715294
1656.5	0.004726827
1656.0	0.004738379
1655.5	0.004749951
1655.0	0.004761542
1654.5	0.004773153
1654.0	0.004784783
1653.5	0.004796433
1653.0	0.004808103
1652.5	0.004819792
1652.0	0.004831501
1651.5	0.00484323
1651.0	0.004854978
1650.5	0.004866746
1650.0	0.004878534
1649.5	0.004890342
1649.0	0.00490217
1648.5	0.004914017
1648.0	0.004925884
1647.5	0.004937771
1647.0	0.004949678
1646.5	0.004961605
1646.0	0.004973552
1645.5	0.004985519
1645.0	0.004997506
1644.5	0.005009513
1644.0	0.00502154
1643.5	0.005033587
1643.0	0.005045654
1642.5	0.005057741
1642.0	0.005069848
1641.5	0.005081975
1641.0	0.005094122
1640.5	0.005106289
1640.0	0.005118476
1639.5	0.005130683
1639.0	0.005142911
1638.5	0.005155159
1638.0	0.005167427
1637.5	0.005179715
1637.0	0.005192024
1636.5	0.005204353
1636.0	0.005216702
1635.5	0.005229071
1635.0	0.005241461
1634.5	0.005253871
1634.0	0.005266302
1633.5	0.005278753
1633.0	0.005291224
1632.5	0.005303716
1632.0	0.005316228
1631.5	0.005328761
1631.0	0.005341314
1630.5	0.005353888
1630.0	0.005366482
1629.5	0.005379097
1629.0	0.005391732
1628.5	0.005404388
1628.0	0.005417064
1627.5	0.005429761
1627.0	0.005442479
1626.5	0.005455217
1626.0	0.005467976
1625.5	0.005480756
1625.0	0.005493556
1624.5	0.005506377
1624.0	0.005519219
1623.5	0.005532081
1623.0	0.005544964
1622.5	0.005557868
1622.0	0.005570793
1621.5	0.005583739
1621.0	0.005596705
1620.5	0.005609692
1620.0	0.0056227
1619.5	0.005635729
1619.0	0.005648779
1618.5	0.00566185
1618.0	0.005674942
1617.5	0.005688055
1617.0	0.005701189
1616.5	0.005714344
1616.0	0.00572752
1615.5	0.005740717
1615.0	0.005753935
1614.5	0.005767174
1614.0	0.005780434
1613.5	0.005793715
1613.0	0.005807017
1612.5	0.00582034
1612.0	0.005833684
1611.5	0.005847049
1611.0	0.005860436
1610.5	0.005873844
1610.0	0.005887273
1609.5	0.005900723
1609.0	0.005914194
1608.5	0.005927687
1608.0	0.005941201
1607.5	0.005954736
1607.0	0.005968293
1606.5	0.005981871
1606.0	0.00599547
1605.5	0.006009091
1605.0	0.006022733
1604.5	0.006036396
1604.0	0.006050081
1603.5	0.006063787
1603.0	0.006077514
1602.5	0.006091263
1602.0	0.006105033
1601.5	0.006118825
1601.0	0.006132638
1600.5	0.006146473
1600.0	0.006160329
1599.5	0.006174207
1599.0	0.006188106
1598.5	0.006202027
1598.0	0.00621597
1597.5	0.006229934
1597.0	0.00624392
1596.5	0.006257928
1596.0	0.006271957
1595.5	0.006286008
1595.0	0.006300081
1594.5	0.006314175
1594.0	0.006328291
1593.5	0.006342429
1593.0	0.006356588
1592.5	0.006370769
1592.0	0.006384972
1591.5	0.006399197
1591.0	0.006413444
1590.5	0.006427712
1590.0	0.006442002
1589.5	0.006456314
1589.0	0.006470648
1588.5	0.006485004
1588.0	0.006499382
1587.5	0.006513782
1587.0	0.006528203
1586.5	0.006542646
1586.0	0.006557111
1585.5	0.006571598
1585.0	0.006586107
1584.5	0.006600638
1584.0	0.006615191
1583.5	0.006629766
1583.0	0.006644363
1582.5	0.006658982
1582.0	0.006673624
1581.5	0.006688288
1581.0	0.006702974
1580.5	0.006717682
1580.0	0.006732412
1579.5	0.006747164
1579.0	0.006761938
1578.5	0.006776734
1578.0	0.006791553
1577.5	0.006806394
1577.0	0.006821257
1576.5	0.006836142
1576.0	0.00685105
1575.5	0.00686598
1575.0	0.006880932
1574.5	0.006895906
1574.0	0.006910903
1573.5	0.006925922
1573.0	0.006940963
1572.5	0.006956027
1572.0	0.006971113
1571.5	0.006986221
1571.0	0.007001352
1570.5	0.007016505
1570.0	0.007031681
1569.5	0.007046879
1569.0	0.007062099
1568.5	0.007077342
1568.0	0.007092607
1567.5	0.007107895
1567.0	0.007123205
1566.5	0.007138538
1566.0	0.007153893
1565.5	0.007169271
1565.0	0.007184671
1564.5	0.007200094
1564.0	0.00721554
1563.5	0.007231008
1563.0	0.007246499
1562.5	0.007262012
1562.0	0.007277548
1561.5	0.007293107
1561.0	0.007308688
1560.5	0.007324292
1560.0	0.007339919
1559.5	0.007355568
1559.0	0.00737124
1558.5	0.007386935
1558.0	0.007402652
1557.5	0.007418392
1557.0	0.007434155
1556.5	0.007449941
1556.0	0.00746575
1555.5	0.007481581
1555.0	0.007497435
1554.5	0.007513312
1554.0	0.007529212
1553.5	0.007545135
1553.0	0.00756108
1552.5	0.007577048
1552.0	0.007593039
1551.5	0.007609053
1551.0	0.00762509
1550.5	0.00764115
1550.0	0.007657233
1549.5	0.007673339
1549.0	0.007689468
1548.5	0.00770562
1548.0	0.007721795
1547.5	0.007737993
1547.0	0.007754214
1546.5	0.007770458
1546.0	0.007786725
1545.5	0.007803015
1545.0	0.007819328
1544.5	0.007835664
1544.0	0.007852023
1543.5	0.007868405
1543.0	0.00788481
1542.5	0.007901238
1542.0	0.007917689
1541.5	0.007934164
1541.0	0.007950662
1540.5	0.007967183
1540.0	0.007983727
1539.5	0.008000294
1539.0	0.008016885
1538.5	0.008033499
1538.0	0.008050136
1537.5	0.008066796
1537.0	0.008083479
1536.5	0.008100186
1536.0	0.008116916
1535.5	0.008133669
1535.0	0.008150446
1534.5	0.008167246
1534.0	0.008184069
1533.5	0.008200915
1533.0	0.008217785
1532.5	0.008234678
1532.0	0.008251594
1531.5	0.008268534
1531.0	0.008285497
1530.5	0.008302484
1530.0	0.008319494
1529.5	0.008336527
1529.0	0.008353584
1528.5	0.008370664
1528.0	0.008387768
1527.5	0.008404895
1527.0	0.008422046
1526.5	0.00843922
1526.0	0.008456418
1525.5	0.008473639
1525.0	0.008490884
1524.5	0.008508152
1524.0	0.008525444
1523.5	0.008542759
1523.0	0.008560098
1522.5	0.00857746
1522.0	0.008594846
1521.5	0.008612256
1521.0	0.008629689
1520.5	0.008647146
1520.0	0.008664626
1519.5	0.00868213
1519.0	0.008699658
1518.5	0.008717209
1518.0	0.008734784
1517.5	0.008752383
1517.0	0.008770005
1516.5	0.008787651
1516.0	0.008805321
1515.5	0.008823015
1515.0	0.008840733
1514.5	0.008858475
1514.0	0.00887624
1513.5	0.008894029
1513.0	0.008911842
1512.5	0.008929679
1512.0	0.00894754
1511.5	0.008965425
1511.0	0.008983334
1510.5	0.009001267
1510.0	0.009019224
1509.5	0.009037205
1509.0	0.00905521
1508.5	0.00907324
1508.0	0.009091294
1507.5	0.009109372
1507.0	0.009127474
1506.5	0.0091456
1506.0	0.00916375
1505.5	0.009181925
1505.0	0.009200124
1504.5	0.009218347
1504.0	0.009236595
1503.5	0.009254867
1503.0	0.009273163
1502.5	0.009291484
1502.0	0.009309829
1501.5	0.009328198
1501.0	0.009346592
1500.5	0.00936501
1500.0	0.009383453
1499.5	0.00940192
1499.0	0.009420412
1498.5	0.009438928
1498.0	0.009457469
1497.5	0.009476035
1497.0	0.009494625
1496.5	0.00951324
1496.0	0.00953188
1495.5	0.009550544
1495.0	0.009569233
1494.5	0.009587947
1494.0	0.009606685
1493.5	0.009625448
1493.0	0.009644236
1492.5	0.009663049
1492.0	0.009681887
1491.5	0.009700749
1491.0	0.009719636
1490.5	0.009738548
1490.0	0.009757485
1489.5	0.009776447
1489.0	0.009795434
1488.5	0.009814446
1488.0	0.009833483
1487.5	0.009852545
1487.0	0.009871632
1486.5	0.009890744
1486.0	0.009909881
1485.5	0.009929043
1485.0	0.00994823
1484.5	0.009967442
1484.0	0.009986679
1483.5	0.010005942
1483.0	0.01002523
1482.5	0.010044543
1482.0	0.010063881
1481.5	0.010083244
1481.0	0.010102633
1480.5	0.010122047
1480.0	0.010141486
1479.5	0.010160951
1479.0	0.010180441
1478.5	0.010199956
1478.0	0.010219497
1477.5	0.010239063
1477.0	0.010258654
1476.5	0.010278271
1476.0	0.010297913
1475.5	0.010317581
1475.0	0.010337274
1474.5	0.010356993
1474.0	0.010376737
1473.5	0.010396507
1473.0	0.010416302
1472.5	0.010436123
1472.0	0.01045597
1471.5	0.010475842
1471.0	0.01049574
1470.5	0.010515664
1470.0	0.010535613
1469.5	0.010555588
1469.0	0.010575589
1468.5	0.010595615
1468.0	0.010615667
1467.5	0.010635745
1467.0	0.010655849
1466.5	0.010675979
1466.0	0.010696134
1465.5	0.010716315
1465.0	0.010736522
1464.5	0.010756755
1464.0	0.010777014
1463.5	0.010797299
1463.0	0.01081761
1462.5	0.010837947
1462.0	0.01085831
1461.5	0.010878699
1461.0	0.010899114
1460.5	0.010919555
1460.0	0.010940022
1459.5	0.010960515
1459.0	0.010981034
1458.5	0.011001579
1458.0	0.01102215
1457.5	0.011042747
1457.0	0.01106337
1456.5	0.011084019
1456.0	0.011104694
1455.5	0.011125396
1455.0	0.011146124
1454.5	0.011166878
1454.0	0.011187658
1453.5	0.011208465
1453.0	0.011229298
1452.5	0.011250157
1452.0	0.011271042
1451.5	0.011291954
1451.0	0.011312892
1450.5	0.011333857
1450.0	0.011354848
1449.5	0.011375865
1449.0	0.011396909
1448.5	0.011417979
1448.0	0.011439076
1447.5	0.011460199
1447.0	0.011481348
1446.5	0.011502524
1446.0	0.011523726
1445.5	0.011544955
1445.0	0.011566211
1444.5	0.011587493
1444.0	0.011608802
1443.5	0.011630137
1443.0	0.011651499
1442.5	0.011672887
1442.0	0.011694302
1441.5	0.011715744
1441.0	0.011737212
1440.5	0.011758707
1440.0	0.011780229
1439.5	0.011801778
1439.0	0.011823353
1438.5	0.011844955
1438.0	0.011866584
1437.5	0.01188824
1437.0	0.011909922
1436.5	0.011931631
1436.0	0.011953367
1435.5	0.01197513
1435.0	0.01199692
1434.5	0.012018737
1434.0	0.01204058
1433.5	0.01206245
1433.0	0.012084347
1432.5	0.012106271
1432.0	0.012128222
1431.5	0.0121502
1431.0	0.012172205
1430.5	0.012194237
1430.0	0.012216296
1429.5	0.012238382
1429.0	0.012260495
1428.5	0.012282635
1428.0	0.012304802
1427.5	0.012326996
1427.0	0.012349217
1426.5	0.012371465
1426.0	0.012393741
1425.5	0.012416044
1425.0	0.012438374
1424.5	0.012460731
1424.0	0.012483115
1423.5	0.012505526
1423.0	0.012527965
1422.5	0.012550431
1422.0	0.012572924
1421.5	0.012595444
1421.0	0.012617992
1420.5	0.012640567
1420.0	0.012663169
1419.5	0.012685798
1419.0	0.012708455
1418.5	0.012731139
1418.0	0.01275385
1417.5	0.012776589
1417.0	0.012799355
1416.5	0.012822148
1416.0	0.012844969
1415.5	0.012867817
1415.0	0.012890693
1414.5	0.012913596
1414.0	0.012936527
1413.5	0.012959485
1413.0	0.012982471
1412.5	0.013005484
1412.0	0.013028525
1411.5	0.013051593
1411.0	0.013074689
1410.5	0.013097812
1410.0	0.013120963
1409.5	0.013144141
1409.0	0.013167347
1408.5	0.01319058
1408.0	0.013213841
1407.5	0.01323713
1407.0	0.013260446
1406.5	0.01328379
1406.0	0.013307162
1405.5	0.013330561
1405.0	0.013353988
1404.5	0.013377443
1404.0	0.013400925
1403.5	0.013424435
1403.0	0.013447973
1402.5	0.013471539
1402.0	0.013495132
1401.5	0.013518753
1401.0	0.013542402
1400.5	0.013566079
1400.0	0.013589783
1399.5	0.013613515
1399.0	0.013637275
1398.5	0.013661063
1398.0	0.013684879
1397.5	0.013708723
1397.0	0.013732595
1396.5	0.013756494
1396.0	0.013780421
1395.5	0.013804376
1395.0	0.013828359
1394.5	0.01385237
1394.0	0.013876409
1393.5	0.013900476
1393.0	0.013924571
1392.5	0.013948694
1392.0	0.013972845
1391.5	0.013997024
1391.0	0.014021231
1390.5	0.014045466
1390.0	0.014069729
1389.5	0.01409402
1389.0	0.014118339
1388.5	0.014142686
1388.0	0.014167061
1387.5	0.014191464
1387.0	0.014215896
1386.5	0.014240356
1386.0	0.014264844
1385.5	0.01428936
1385.0	0.014313904
1384.5	0.014338476
1384.0	0.014363076
1383.5	0.014387705
1383.0	0.014412362
1382.5	0.014437047
1382.0	0.01446176
1381.5	0.014486501
1381.0	0.014511271
1380.5	0.014536069
1380.0	0.014560895
1379.5	0.014585749
1379.0	0.014610632
1378.5	0.014635543
1378.0	0.014660482
1377.5	0.01468545
1377.0	0.014710446
1376.5	0.01473547
1376.0	0.014760523
1375.5	0.014785604
1375.0	0.014810713
1374.5	0.014835851
1374.0	0.014861017
1373.5	0.014886211
1373.0	0.014911434
1372.5	0.014936685
1372.0	0.014961965
1371.5	0.014987273
1371.0	0.01501261
1370.5	0.015037975
1370.0	0.015063368
1369.5	0.01508879
1369.0	0.01511424
1368.5	0.015139719
1368.0	0.015165226
1367.5	0.015190762
1367.0	0.015216326
1366.5	0.015241919
1366.0	0.01526754
1365.5	0.01529319
1365.0	0.015318869
1364.5	0.015344576
1364.0	0.015370312
1363.5	0.015396076
1363.0	0.015421869
1362.5	0.01544769
1362.0	0.01547354
1361.5	0.015499419
1361.0	0.015525326
1360.5	0.015551262
1360.0	0.015577226
1359.5	0.015603219
1359.0	0.015629241
1358.5	0.015655291
1358.0	0.01568137
1357.5	0.015707478
1357.0	0.015733614
1356.5	0.015759779
1356.0	0.015785973
1355.5	0.015812196
1355.0	0.015838447
1354.5	0.015864727
1354.0	0.015891036
1353.5	0.015917374
1353.0	0.01594374
1352.5	0.015970135
1352.0	0.015996559
1351.5	0.016023012
1351.0	0.016049493
1350.5	0.016076003
1350.0	0.016102542
1349.5	0.01612911
1349.0	0.016155707
1348.5	0.016182332
1348.0	0.016208986
1347.5	0.016235669
1347.0	0.016262381
1346.5	0.016289122
1346.0	0.016315892
1345.5	0.016342691
1345.0	0.016369518
1344.5	0.016396374
1344.0	0.016423259
1343.5	0.016450173
1343.0	0.016477116
1342.5	0.016504088
1342.0	0.016531089
1341.5	0.016558119
1341.0	0.016585178
1340.5	0.016612266
1340.0	0.016639383
1339.5	0.016666529
1339.0	0.016693703
1338.5	0.016720906
1338.0	0.016748138
1337.5	0.016775399
1337.0	0.016802689
1336.5	0.016830008
1336.0	0.016857356
1335.5	0.016884733
1335.0	0.016912139
1334.5	0.016939574
1334.0	0.016967038
1333.5	0.016994532
1333.0	0.017022055
1332.5	0.017049607
1332.0	0.017077188
1331.5	0.017104798
1331.0	0.017132437
1330.5	0.017160105
1330.0	0.017187802
1329.5	0.017215528
1329.0	0.017243283
1328.5	0.017271067
1328.0	0.01729888
1327.5	0.017326722
1327.0	0.017354594
1326.5	0.017382495
1326.0	0.017410425
1325.5	0.017438384
1325.0	0.017466372
1324.5	0.017494389
1324.0	0.017522435
1323.5	0.01755051
1323.0	0.017578615
1322.5	0.017606749
1322.0	0.017634912
1321.5	0.017663104
1321.0	0.017691325
1320.5	0.017719576
1320.0	0.017747856
1319.5	0.017776165
1319.0	0.017804503
1318.5	0.01783287
1318.0	0.017861267
1317.5	0.017889693
1317.0	0.017918148
1316.5	0.017946632
1316.0	0.017975145
1315.5	0.018003688
1315.0	0.01803226
1314.5	0.018060861
1314.0	0.018089491
1313.5	0.018118151
1313.0	0.01814684
1312.5	0.018175558
1312.0	0.018204306
1311.5	0.018233083
1311.0	0.018261889
1310.5	0.018290724
1310.0	0.018319589
1309.5	0.018348483
1309.0	0.018377406
1308.5	0.018406359
1308.0	0.018435341
1307.5	0.018464352
1307.0	0.018493392
1306.5	0.018522462
1306.0	0.018551561
1305.5	0.018580689
1305.0	0.018609847
1304.5	0.018639034
1304.0	0.01866825
1303.5	0.018697496
1303.0	0.018726771
1302.5	0.018756076
1302.0	0.01878541
1301.5	0.018814773
1301.0	0.018844166
1300.5	0.018873588
1300.0	0.018903039
1299.5	0.01893252
1299.0	0.01896203
1298.5	0.018991569
1298.0	0.019021138
1297.5	0.019050736
1297.0	0.019080364
1296.5	0.019110021
1296.0	0.019139707
1295.5	0.019169423
1295.0	0.019199168
1294.5	0.019228943
1294.0	0.019258747
1293.5	0.01928858
1293.0	0.019318443
1292.5	0.019348335
1292.0	0.019378257
1291.5	0.019408208
1291.0	0.019438189
1290.5	0.019468199
1290.0	0.019498238
1289.5	0.019528307
1289.0	0.019558405
1288.5	0.019588533
1288.0	0.01961869
1287.5	0.019648877
1287.0	0.019679093
1286.5	0.019709339
1286.0	0.019739614
1285.5	0.019769919
1285.0	0.019800253
1284.5	0.019830617
1284.0	0.01986101
1283.5	0.019891433
1283.0	0.019921885
1282.5	0.019952367
1282.0	0.019982878
1281.5	0.020013419
1281.0	0.020043989
1280.5	0.020074589
1280.0	0.020105219
1279.5	0.020135878
1279.0	0.020166567
1278.5	0.020197286
1278.0	0.020228034
1277.5	0.020258812
1277.0	0.02028962
1276.5	0.020320458
1276.0	0.020351325
1275.5	0.020382222
1275.0	0.020413149
1274.5	0.020444106
1274.0	0.020475093
1273.5	0.020506109
1273.0	0.020537155
1272.5	0.020568231
1272.0	0.020599337
1271.5	0.020630473
1271.0	0.020661639
1270.5	0.020692835
1270.0	0.020724061
1269.5	0.020755317
1269.0	0.020786603
1268.5	0.020817919
1268.0	0.020849265
1267.5	0.020880641
1267.0	0.020912047
1266.5	0.020943483
1266.0	0.020974949
1265.5	0.021006445
1265.0	0.021037971
1264.5	0.021069527
1264.0	0.021101113
1263.5	0.021132729
1263.0	0.021164375
1262.5	0.021196052
1262.0	0.021227759
1261.5	0.021259496
1261.0	0.021291263
1260.5	0.02132306
1260.0	0.021354887
1259.5	0.021386745
1259.0	0.021418633
1258.5	0.021450551
1258.0	0.0214825
1257.5	0.021514479
1257.0	0.021546488
1256.5	0.021578527
1256.0	0.021610597
1255.5	0.021642697
1255.0	0.021674827
1254.5	0.021706988
1254.0	0.021739179
1253.5	0.021771401
1253.0	0.021803653
1252.5	0.021835935
1252.0	0.021868248
1251.5	0.021900591
1251.0	0.021932965
1250.5	0.021965369
1250.0	0.021997804
1249.5	0.022030269
1249.0	0.022062765
1248.5	0.022095291
1248.0	0.022127848
1247.5	0.022160435
1247.0	0.022193053
1246.5	0.022225702
1246.0	0.022258381
1245.5	0.022291091
1245.0	0.022323831
1244.5	0.022356602
1244.0	0.022389404
1243.5	0.022422236
1243.0	0.022455099
1242.5	0.022487993
1242.0	0.022520917
1241.5	0.022553872
1241.0	0.022586858
1240.5	0.022619874
1240.0	0.022652921
1239.5	0.022685999
1239.0	0.022719108
1238.5	0.022752247
1238.0	0.022785417
1237.5	0.022818618
1237.0	0.02285185
1236.5	0.022885113
1236.0	0.022918406
1235.5	0.02295173
1235.0	0.022985085
1234.5	0.023018471
1234.0	0.023051888
1233.5	0.023085336
1233.0	0.023118815
1232.5	0.023152325
1232.0	0.023185865
1231.5	0.023219436
1231.0	0.023253038
1230.5	0.023286671
1230.0	0.023320335
1229.5	0.02335403
1229.0	0.023387756
1228.5	0.023421513
1228.0	0.023455301
1227.5	0.02348912
1227.0	0.02352297
1226.5	0.023556851
1226.0	0.023590763
1225.5	0.023624706
1225.0	0.02365868
1224.5	0.023692685
1224.0	0.023726721
1223.5	0.023760789
1223.0	0.023794888
1222.5	0.023829018
1222.0	0.023863179
1221.5	0.023897371
1221.0	0.023931594
1220.5	0.023965848
1220.0	0.024000133
1219.5	0.02403445
1219.0	0.024068798
1218.5	0.024103177
1218.0	0.024137587
1217.5	0.024172028
1217.0	0.024206501
1216.5	0.024241005
1216.0	0.02427554
1215.5	0.024310106
1215.0	0.024344704
1214.5	0.024379333
1214.0	0.024413993
1213.5	0.024448684
1213.0	0.024483407
1212.5	0.024518161
1212.0	0.024552946
1211.5	0.024587762
1211.0	0.02462261
1210.5	0.024657489
1210.0	0.024692399
1209.5	0.024727341
1209.0	0.024762314
1208.5	0.024797319
1208.0	0.024832355
1207.5	0.024867422
1207.0	0.024902521
1206.5	0.024937651
1206.0	0.024972812
1205.5	0.025008005
1205.0	0.025043229
1204.5	0.025078485
1204.0	0.025113772
1203.5	0.025149091
1203.0	0.025184441
1202.5	0.025219822
1202.0	0.025255235
1201.5	0.025290679
1201.0	0.025326155
1200.5	0.025361662
1200.0	0.025397201
1199.5	0.025432771
1199.0	0.025468373
1198.5	0.025504006
1198.0	0.025539671
1197.5	0.025575367
1197.0	0.025611095
1196.5	0.025646854
1196.0	0.025682645
1195.5	0.025718467
1195.0	0.025754321
1194.5	0.025790207
1194.0	0.025826124
1193.5	0.025862073
1193.0	0.025898053
1192.5	0.025934065
1192.0	0.025970108
1191.5	0.026006183
1191.0	0.02604229
1190.5	0.026078428
1190.0	0.026114598
1189.5	0.0261508
1189.0	0.026187033
1188.5	0.026223298
1188.0	0.026259594
1187.5	0.026295922
1187.0	0.026332282
1186.5	0.026368673
1186.0	0.026405096
1185.5	0.026441551
1185.0	0.026478037
1184.5	0.026514555
1184.0	0.026551105
1183.5	0.026587687
1183.0	0.0266243
1182.5	0.026660945
1182.0	0.026697622
1181.5	0.02673433
1181.0	0.02677107
1180.5	0.026807842
1180.0	0.026844646
1179.5	0.026881481
1179.0	0.026918348
1178.5	0.026955247
1178.0	0.026992178
1177.5	0.02702914
1177.0	0.027066134
1176.5	0.02710316
1176.0	0.027140218
1175.5	0.027177307
1175.0	0.027214428
1174.5	0.027251581
1174.0	0.027288766
1173.5	0.027325982
1173.0	0.02736323
1172.5	0.02740051
1172.0	0.027437822
1171.5	0.027475166
1171.0	0.027512542
1170.5	0.027549949
1170.0	0.027587388
1169.5	0.027624859
1169.0	0.027662362
1168.5	0.027699897
1168.0	0.027737463
1167.5	0.027775061
1167.0	0.027812691
1166.5	0.027850353
1166.0	0.027888047
1165.5	0.027925773
1165.0	0.027963531
1164.5	0.02800132
1164.0	0.028039141
1163.5	0.028076994
1163.0	0.028114879
1162.5	0.028152796
1162.0	0.028190745
1161.5	0.028228726
1161.0	0.028266739
1160.5	0.028304783
1160.0	0.028342859
1159.5	0.028380967
1159.0	0.028419107
1158.5	0.028457279
1158.0	0.028495483
1157.5	0.028533719
1157.0	0.028571987
1156.5	0.028610287
1156.0	0.028648619
1155.5	0.028686983
1155.0	0.028725379
1154.5	0.028763808
1154.0	0.028802269
1153.5	0.028840763
1153.0	0.028879289
1152.5	0.028917848
1152.0	0.028956439
1151.5	0.028995063
1151.0	0.029033719
1150.5	0.029072408
1150.0	0.02911113
1149.5	0.029149885
1149.0	0.029188673
1148.5	0.029227494
1148.0	0.029266348
1147.5	0.029305235
1147.0	0.029344155
1146.5	0.029383109
1146.0	0.029422096
1145.5	0.029461116
1145.0	0.02950017
1144.5	0.029539257
1144.0	0.029578378
1143.5	0.029617532
1143.0	0.02965672
1142.5	0.029695942
1142.0	0.029735197
1141.5	0.029774486
1141.0	0.029813809
1140.5	0.029853166
1140.0	0.029892557
1139.5	0.029931982
1139.0	0.029971441
1138.5	0.030010934
1138.0	0.030050462
1137.5	0.030090024
1137.0	0.03012962
1136.5	0.030169251
1136.0	0.030208916
1135.5	0.030248616
1135.0	0.03028835
1134.5	0.030328119
1134.0	0.030367923
1133.5	0.030407761
1133.0	0.030447634
1132.5	0.030487542
1132.0	0.030527485
1131.5	0.030567463
1131.0	0.030607476
1130.5	0.030647524
1130.0	0.030687607
1129.5	0.030727725
1129.0	0.030767878
1128.5	0.030808067
1128.0	0.030848291
1127.5	0.03088855
1127.0	0.030928845
1126.5	0.030969175
1126.0	0.031009541
1125.5	0.031049942
1125.0	0.031090379
1124.5	0.031130852
1124.0	0.03117136
1123.5	0.031211904
1123.0	0.031252484
1122.5	0.0312931
1122.0	0.031333752
1121.5	0.03137444
1121.0	0.031415164
1120.5	0.031455924
1120.0	0.03149672
1119.5	0.031537553
1119.0	0.031578422
1118.5	0.031619327
1118.0	0.031660269
1117.5	0.031701247
1117.0	0.031742262
1116.5	0.031783313
1116.0	0.031824401
1115.5	0.031865525
1115.0	0.031906686
1114.5	0.031947884
1114.0	0.031989118
1113.5	0.032030389
1113.0	0.032071697
1112.5	0.032113042
1112.0	0.032154424
1111.5	0.032195843
1111.0	0.032237299
1110.5	0.032278792
1110.0	0.032320323
1109.5	0.032361891
1109.0	0.032403496
1108.5	0.032445138
1108.0	0.032486818
1107.5	0.032528535
1107.0	0.03257029
1106.5	0.032612082
1106.0	0.032653912
1105.5	0.032695779
1105.0	0.032737684
1104.5	0.032779627
1104.0	0.032821608
1103.5	0.032863626
1103.0	0.032905682
1102.5	0.032947776
1102.0	0.032989908
1101.5	0.033032078
1101.0	0.033074286
1100.5	0.033116532
1100.0	0.033158817
1099.5	0.03320114
1099.0	0.033243501
1098.5	0.033285901
1098.0	0.033328339
1097.5	0.033370816
1097.0	0.033413331
1096.5	0.033455885
1096.0	0.033498477
1095.5	0.033541108
1095.0	0.033583778
1094.5	0.033626486
1094.0	0.033669233
1093.5	0.033712019
1093.0	0.033754844
1092.5	0.033797708
1092.0	0.033840611
1091.5	0.033883553
1091.0	0.033926534
1090.5	0.033969555
1090.0	0.034012615
1089.5	0.034055714
1089.0	0.034098853
1088.5	0.034142031
1088.0	0.034185248
1087.5	0.034228505
1087.0	0.034271802
1086.5	0.034315138
1086.0	0.034358514
1085.5	0.03440193
1085.0	0.034445385
1084.5	0.03448888
1084.0	0.034532415
1083.5	0.03457599
1083.0	0.034619605
1082.5	0.03466326
1082.0	0.034706955
1081.5	0.03475069
1081.0	0.034794465
1080.5	0.03483828
1080.0	0.034882136
1079.5	0.034926032
1079.0	0.034969968
1078.5	0.035013945
1078.0	0.035057962
1077.5	0.03510202
1077.0	0.035146118
1076.5	0.035190257
1076.0	0.035234436
1075.5	0.035278656
1075.0	0.035322917
1074.5	0.035367219
1074.0	0.035411562
1073.5	0.035455945
1073.0	0.035500369
1072.5	0.035544834
1072.0	0.03558934
1071.5	0.035633887
1071.0	0.035678476
1070.5	0.035723106
1070.0	0.035767777
1069.5	0.035812489
1069.0	0.035857242
1068.5	0.035902037
1068.0	0.035946873
1067.5	0.035991751
1067.0	0.03603667
1066.5	0.036081631
1066.0	0.036126633
1065.5	0.036171677
1065.0	0.036216762
1064.5	0.036261889
1064.0	0.036307058
1063.5	0.036352269
1063.0	0.036397522
1062.5	0.036442816
1062.0	0.036488152
1061.5	0.03653353
1061.0	0.03657895
1060.5	0.036624412
1060.0	0.036669917
1059.5	0.036715464
1059.0	0.036761053
1058.5	0.036806684
1058.0	0.036852357
1057.5	0.036898073
1057.0	0.036943831
1056.5	0.036989632
1056.0	0.037035475
1055.5	0.037081361
1055.0	0.037127289
1054.5	0.03717326
1054.0	0.037219273
1053.5	0.037265329
1053.0	0.037311428
1052.5	0.037357569
1052.0	0.037403753
1051.5	0.03744998
1051.0	0.03749625
1050.5	0.037542563
1050.0	0.037588919
1049.5	0.037635318
1049.0	0.03768176
1048.5	0.037728245
1048.0	0.037774773
1047.5	0.037821344
1047.0	0.037867958
1046.5	0.037914616
1046.0	0.037961317
1045.5	0.038008061
1045.0	0.038054849
1044.5	0.03810168
1044.0	0.038148554
1043.5	0.038195472
1043.0	0.038242433
1042.5	0.038289438
1042.0	0.038336487
1041.5	0.038383579
1041.0	0.038430715
1040.5	0.038477895
1040.0	0.038525118
1039.5	0.038572385
1039.0	0.038619696
1038.5	0.038667051
1038.0	0.03871445
1037.5	0.038761893
1037.0	0.03880938
1036.5	0.038856911
1036.0	0.038904486
1035.5	0.038952105
1035.0	0.038999768
1034.5	0.039047475
1034.0	0.039095226
1033.5	0.039143022
1033.0	0.039190862
1032.5	0.039238746
1032.0	0.039286675
1031.5	0.039334648
1031.0	0.039382666
1030.5	0.039430728
1030.0	0.039478835
1029.5	0.039526986
1029.0	0.039575182
1028.5	0.039623422
1028.0	0.039671707
1027.5	0.039720037
1027.0	0.039768411
1026.5	0.03981683
1026.0	0.039865294
1025.5	0.039913803
1025.0	0.039962357
1024.5	0.040010956
1024.0	0.0400596
1023.5	0.040108289
1023.0	0.040157023
1022.5	0.040205802
1022.0	0.040254626
1021.5	0.040303495
1021.0	0.04035241
1020.5	0.04040137
1020.0	0.040450375
1019.5	0.040499425
1019.0	0.040548521
1018.5	0.040597662
1018.0	0.040646849
1017.5	0.040696081
1017.0	0.040745359
1016.5	0.040794682
1016.0	0.040844051
1015.5	0.040893465
1015.0	0.040942925
1014.5	0.040992431
1014.0	0.041041982
1013.5	0.041091579
1013.0	0.041141222
1012.5	0.041190911
1012.0	0.041240646
1011.5	0.041290427
1011.0	0.041340253
1010.5	0.041390125
1010.0	0.041440043
1009.5	0.041490007
1009.0	0.041540018
1008.5	0.041590075
1008.0	0.041640178
1007.5	0.041690327
1007.0	0.041740522
1006.5	0.041790763
1006.0	0.041841051
1005.5	0.041891385
1005.0	0.041941765
1004.5	0.041992192
1004.0	0.042042665
1003.5	0.042093185
1003.0	0.042143751
1002.5	0.042194364
1002.0	0.042245023
1001.5	0.042295729
1001.0	0.042346481
1000.5	0.04239728
1000.0	0.042448126
999.5	0.042499019
999.0	0.042549959
998.5	0.042600946
998.0	0.04265198
997.5	0.042703061
997.0	0.042754189
996.5	0.042805364
996.0	0.042856586
995.5	0.042907855
995.0	0.042959171
994.5	0.043010535
994.0	0.043061946
993.5	0.043113404
993.0	0.04316491
992.5	0.043216463
992.0	0.043268064
991.5	0.043319712
991.0	0.043371408
990.5	0.043423152
990.0	0.043474943
989.5	0.043526782
989.0	0.043578669
988.5	0.043630604
988.0	0.043682587
987.5	0.043734618
987.0	0.043786697
986.5	0.043838824
986.0	0.043890999
985.5	0.043943222
985.0	0.043995493
984.5	0.044047812
984.0	0.044100179
983.5	0.044152595
983.0	0.044205059
982.5	0.044257571
982.0	0.044310132
981.5	0.044362741
981.0	0.044415399
980.5	0.044468105
980.0	0.04452086
979.5	0.044573663
979.0	0.044626515
978.5	0.044679416
978.0	0.044732365
977.5	0.044785363
977.0	0.04483841
976.5	0.044891506
976.0	0.044944651
975.5	0.044997845
975.0	0.045051088
974.5	0.04510438
974.0	0.045157721
973.5	0.045211111
973.0	0.04526455
972.5	0.045318038
972.0	0.045371576
971.5	0.045425163
971.0	0.045478799
970.5	0.045532485
970.0	0.04558622
969.5	0.045640005
969.0	0.045693839
968.5	0.045747723
968.0	0.045801657
967.5	0.04585564
967.0	0.045909673
966.5	0.045963756
966.0	0.046017889
965.5	0.046072072
965.0	0.046126305
964.5	0.046180588
964.0	0.046234921
963.5	0.046289304
963.0	0.046343738
962.5	0.046398222
962.0	0.046452756
961.5	0.046507341
961.0	0.046561976
960.5	0.046616662
960.0	0.046671398
959.5	0.046726185
959.0	0.046781022
958.5	0.04683591
958.0	0.046890849
957.5	0.046945839
957.0	0.047000879
956.5	0.04705597
956.0	0.047111112
955.5	0.047166305
955.0	0.047221549
954.5	0.047276845
954.0	0.047332192
953.5	0.04738759
953.0	0.047443039
952.5	0.04749854
952.0	0.047554092
951.5	0.047609696
951.0	0.047665351
950.5	0.047721058
950.0	0.047776817
949.5	0.047832627
949.0	0.047888489
948.5	0.047944403
948.0	0.048000369
947.5	0.048056387
947.0	0.048112457
946.5	0.048168579
946.0	0.048224753
945.5	0.048280979
945.0	0.048337257
944.5	0.048393588
944.0	0.048449971
943.5	0.048506406
943.0	0.048562894
942.5	0.048619434
942.0	0.048676027
941.5	0.048732673
941.0	0.048789371
940.5	0.048846122
940.0	0.048902926
939.5	0.048959783
939.0	0.049016692
938.5	0.049073654
938.0	0.049130669
937.5	0.049187737
937.0	0.049244859
936.5	0.049302034
936.0	0.049359262
935.5	0.049416543
935.0	0.049473877
934.5	0.049531265
934.0	0.049588706
933.5	0.049646201
933.0	0.049703749
932.5	0.049761351
932.0	0.049819006
931.5	0.049876715
931.0	0.049934478
930.5	0.049992294
930.0	0.050050164
929.5	0.050108088
929.0	0.050166066
928.5	0.050224098
928.0	0.050282184
927.5	0.050340324
927.0	0.050398518
926.5	0.050456766
926.0	0.050515068
925.5	0.050573424
925.0	0.050631835
924.5	0.0506903
924.0	0.050748819
923.5	0.050807393
923.0	0.050866021
922.5	0.050924704
922.0	0.050983441
921.5	0.051042233
921.0	0.05110108
920.5	0.051159981
920.0	0.051218937
919.5	0.051277948
919.0	0.051337014
918.5	0.051396135
918.0	0.051455311
917.5	0.051514542
917.0	0.051573828
916.5	0.051633169
916.0	0.051692565
915.5	0.051752016
915.0	0.051811522
914.5	0.051871083
914.0	0.0519307
913.5	0.051990372
913.0	0.052050099
912.5	0.052109882
912.0	0.05216972
911.5	0.052229614
911.0	0.052289563
910.5	0.052349568
910.0	0.052409628
909.5	0.052469744
909.0	0.052529916
908.5	0.052590144
908.0	0.052650427
907.5	0.052710766
907.0	0.052771161
906.5	0.052831612
906.0	0.052892119
905.5	0.052952682
905.0	0.053013301
904.5	0.053073976
904.0	0.053134707
903.5	0.053195494
903.0	0.053256338
902.5	0.053317238
902.0	0.053378194
901.5	0.053439206
901.0	0.053500275
900.5	0.0535614
900.0	0.053622582
899.5	0.05368382
899.0	0.053745115
898.5	0.053806466
898.0	0.053867874
897.5	0.053929338
897.0	0.053990859
896.5	0.054052437
896.0	0.054114071
895.5	0.054175762
895.0	0.05423751
894.5	0.054299315
894.0	0.054361177
893.5	0.054423096
893.0	0.054485072
892.5	0.054547105
892.0	0.054609195
891.5	0.054691508
891.0	0.054794048
890.5	0.054876476
890.0	0.054938794
889.5	0.05500117
889.0	0.055063603
888.5	0.055126093
888.0	0.055188641
887.5	0.055251246
887.0	0.055313908
886.5	0.055376628
886.0	0.055439405
885.5	0.05550224
885.0	0.055565133
884.5	0.055628083
884.0	0.055691091
883.5	0.055754156
883.0	0.055817279
882.5	0.05588046
882.0	0.055943699
881.5	0.056006996
881.0	0.05607035
880.5	0.056133762
880.0	0.056197232
879.5	0.05626076
879.0	0.056324346
878.5	0.05638799
878.0	0.056451692
877.5	0.056515452
877.0	0.05657927
876.5	0.056643147
876.0	0.056707082
875.5	0.056771075
875.0	0.056835126
874.5	0.056899235
874.0	0.056963403
873.5	0.057027629
873.0	0.057091913
872.5	0.057156256
872.0	0.057220657
871.5	0.057285117
871.0	0.057349635
870.5	0.057414212
870.0	0.057478847
869.5	0.057543541
869.0	0.057608294
868.5	0.057673105
868.0	0.057737975
867.5	0.057802904
867.0	0.057867891
866.5	0.057932937
866.0	0.057998042
865.5	0.058063206
865.0	0.058128429
864.5	0.05819371
864.0	0.05825905
863.5	0.058324449
863.0	0.058389907
862.5	0.058455424
862.0	0.058521
861.5	0.058586635
861.0	0.058652329
860.5	0.058762939
860.0	0.058918459
859.5	0.059029179
859.0	0.05909511
858.5	0.0591611
858.0	0.059227149
857.5	0.059293258
857.0	0.059359426
856.5	0.059425653
856.0	0.059491939
855.5	0.059558285
855.0	0.05962469
854.5	0.059691155
854.0	0.059757679
853.5	0.059824262
853.0	0.059890905
852.5	0.059957607
852.0	0.060024369
851.5	0.06009119
851.0	0.060158071
850.5	0.060225012
850.0	0.060292012
849.5	0.060359072
849.0	0.060426192
848.5	0.060493371
848.0	0.06056061
847.5	0.060627909
847.0	0.060695267
846.5	0.060762685
846.0	0.060830163
845.5	0.060897701
845.0	0.060965299
844.5	0.061032956
844.0	0.061100673
843.5	0.06116845
843.0	0.061236287
842.5	0.061304184
842.0	0.061372141
841.5	0.061440158
841.0	0.061508235
840.5	0.061576372
840.0	0.061644569
839.5	0.061712826
839.0	0.061781143
838.5	0.06184952
838.0	0.061917957
837.5	0.061986455
837.0	0.062055013
836.5	0.062123631
836.0	0.062192309
835.5	0.062261047
835.0	0.062329845
834.5	0.062398704
834.0	0.062467623
833.5	0.062536602
833.0	0.062605642
832.5	0.062674742
832.0	0.062743902
831.5	0.062813123
831.0	0.062882404
830.5	0.062951745
830.0	0.063021147
829.5	0.063090609
829.0	0.063160132
828.5	0.063229715
828.0	0.063299358
827.5	0.063369062
827.0	0.063438826
826.5	0.063508651
826.0	0.063578536
825.5	0.063648482
825.0	0.063718488
824.5	0.063788555
824.0	0.063858683
823.5	0.063928871
823.0	0.06399912
822.5	0.064069429
822.0	0.064139799
821.5	0.06421023
821.0	0.064280721
820.5	0.064351273
820.0	0.064421886
819.5	0.064492559
819.0	0.064563293
818.5	0.064634088
818.0	0.064704944
817.5	0.06477586
817.0	0.064846837
816.5	0.064917875
816.0	0.064988974
815.5	0.065060133
815.0	0.065131353
814.5	0.065202634
814.0	0.065273976
813.5	0.065345379
813.0	0.065416843
812.5	0.065488367
812.0	0.065559952
811.5	0.065631598
811.0	0.065703305
810.5	0.065775073
810.0	0.065846902
809.5	0.065918792
809.0	0.065990743
808.5	0.066062755
808.0	0.066134827
807.5	0.06620696
807.0	0.066279154
806.5	0.066351409
806.0	0.066423725
805.5	0.066496102
805.0	0.06656854
804.5	0.066641039
804.0	0.066713599
803.5	0.06678622
803.0	0.066858902
802.5	0.066931645
802.0	0.067086155
801.5	0.067322435
801.0	0.067477065
800.5	0.067550053
800.0	0.067623102
799.5	0.067696212
799.0	0.067769383
798.5	0.067842615
798.0	0.067915908
797.5	0.067989262
797.0	0.068062677
796.5	0.068136153
796.0	0.06820969
795.5	0.068283289
795.0	0.068356949
794.5	0.06843067
794.0	0.068504452
793.5	0.068578295
793.0	0.068652199
792.5	0.068726164
792.0	0.06880019
791.5	0.068874278
791.0	0.068948427
790.5	0.069022637
790.0	0.069096908
789.5	0.06917124
789.0	0.069245633
788.5	0.069320088
788.0	0.069394604
787.5	0.069469181
787.0	0.069543819
786.5	0.069618518
786.0	0.069693278
785.5	0.0697681
785.0	0.069842983
784.5	0.069917927
784.0	0.069992932
783.5	0.070067998
783.0	0.070143126
782.5	0.070218315
782.0	0.070293565
781.5	0.070368876
781.0	0.070444248
780.5	0.070519682
780.0	0.070595177
779.5	0.070670733
779.0	0.07074635
778.5	0.070822028
778.0	0.070897767
777.5	0.070973568
777.0	0.07104943
776.5	0.071125353
776.0	0.071201337
775.5	0.071277382
775.0	0.071353489
774.5	0.071429657
774.0	0.071505886
773.5	0.071582176
773.0	0.071693516
772.5	0.071839906
772.0	0.071951366
771.5	0.072027901
771.0	0.072104497
770.5	0.072181154
770.0	0.072257873
769.5	0.072334653
769.0	0.072411494
768.5	0.072488396
768.0	0.072565359
767.5	0.072642383
767.0	0.072719469
766.5	0.072796616
766.0	0.072873824
765.5	0.072951093
765.0	0.073028423
764.5	0.073105814
764.0	0.073183266
763.5	0.07326078
763.0	0.073338355
762.5	0.073415991
762.0	0.073493688
761.5	0.073571446
761.0	0.073649265
760.5	0.073727145
760.0	0.073805086
759.5	0.073883088
759.0	0.073961152
758.5	0.074039277
758.0	0.074117463
757.5	0.07419571
757.0	0.074274018
756.5	0.074352387
756.0	0.074430817
755.5	0.074509308
755.0	0.07458786
754.5	0.074666473
754.0	0.074745147
753.5	0.074823882
753.0	0.074902678
752.5	0.074981535
752.0	0.075060453
751.5	0.075139432
751.0	0.075218472
750.5	0.075297573
750.0	0.075376735
749.5	0.075455958
749.0	0.075535242
748.5	0.075614587
748.0	0.075693993
747.5	0.07577346
747.0	0.075852988
746.5	0.075932576
746.0	0.076012225
745.5	0.076091935
745.0	0.076171706
744.5	0.076251538
744.0	0.076331431
743.5	0.076411385
743.0	0.076491399
742.5	0.076571474
742.0	0.07665161
741.5	0.076731807
741.0	0.076812065
740.5	0.076892383
740.0	0.076972762
739.5	0.077053202
739.0	0.077133702
738.5	0.077214263
738.0	0.077294885
737.5	0.077375568
737.0	0.077456311
736.5	0.077537115
736.0	0.07761798
735.5	0.077698905
735.0	0.077779891
734.5	0.077860937
734.0	0.077942044
733.5	0.078023212
733.0	0.07810444
732.5	0.078185729
732.0	0.078267078
731.5	0.078348488
731.0	0.078429959
730.5	0.07851149
730.0	0.078593082
729.5	0.078674734
729.0	0.078756447
728.5	0.07883822
728.0	0.078920054
727.5	0.079001948
727.0	0.079083903
726.5	0.079165919
726.0	0.079247995
725.5	0.079330132
725.0	0.079412329
724.5	0.079494587
724.0	0.079576905
723.5	0.079659283
723.0	0.079741722
722.5	0.079824221
722.0	0.079906781
721.5	0.079989401
721.0	0.080072082
720.5	0.080154823
720.0	0.080237625
719.5	0.080320487
719.0	0.080403409
718.5	0.080486392
718.0	0.080569435
717.5	0.080652538
717.0	0.080735702
716.5	0.080818926
716.0	0.08090221
715.5	0.080985555
715.0	0.08106896
714.5	0.081152425
714.0	0.081235951
713.5	0.081319537
713.0	0.081403183
712.5	0.081486889
712.0	0.081570656
711.5	0.081654483
711.0	0.08173837
710.5	0.081822317
710.0	0.081906324
709.5	0.081990392
709.0	0.08207452
708.5	0.082158708
708.0	0.082242956
707.5	0.082327264
707.0	0.082411632
706.5	0.08249606
706.0	0.082580549
705.5	0.082665098
705.0	0.082749707
704.5	0.082834376
704.0	0.082919105
703.5	0.083003894
703.0	0.083088743
702.5	0.083173652
702.0	0.083258621
701.5	0.08334365
701.0	0.083428738
700.5	0.083513886
700.0	0.083599094
699.5	0.083684362
699.0	0.08376969
698.5	0.083855078
698.0	0.083940526
697.5	0.084026034
697.0	0.084111601
696.5	0.084197228
696.0	0.084282915
695.5	0.084368662
695.0	0.084454468
694.5	0.084540334
694.0	0.08462626
693.5	0.084712245
693.0	0.08479829
692.5	0.084884395
692.0	0.084970559
691.5	0.085056783
691.0	0.085143067
690.5	0.08522941
690.0	0.085315813
689.5	0.085402275
689.0	0.085488797
688.5	0.085575379
688.0	0.08566202
687.5	0.085748721
687.0	0.085835481
686.5	0.085922301
686.0	0.08600918
685.5	0.086096119
685.0	0.086183117
684.5	0.086270174
684.0	0.086357291
683.5	0.086444467
683.0	0.086531703
682.5	0.086618998
682.0	0.086706352
681.5	0.086793766
681.0	0.086881239
680.5	0.086968771
680.0	0.087056363
679.5	0.087144014
679.0	0.087231724
678.5	0.087319493
678.0	0.087407322
677.5	0.08749521
677.0	0.087583157
676.5	0.087671163
676.0	0.087759228
675.5	0.087847352
675.0	0.087935535
674.5	0.088023778
674.0	0.08811208
673.5	0.088200441
673.0	0.088288861
672.5	0.08837734
672.0	0.088465878
671.5	0.088554475
671.0	0.088643131
670.5	0.088731846
670.0	0.08882062
669.5	0.088909453
669.0	0.088998345
668.5	0.089087296
668.0	0.089176305
667.5	0.089265373
667.0	0.0893545
666.5	0.089443686
666.0	0.089532931
665.5	0.089622235
665.0	0.089711597
664.5	0.089801018
664.0	0.089890498
663.5	0.089980037
663.0	0.090069634
662.5	0.09015929
662.0	0.090249005
661.5	0.090338778
661.0	0.09042861
660.5	0.090518501
660.0	0.09060845
659.5	0.090698458
659.0	0.090788524
658.5	0.090878649
658.0	0.090968833
657.5	0.091059075
657.0	0.091149376
656.5	0.091239735
656.0	0.091330152
655.5	0.091420628
655.0	0.091511162
654.5	0.091601755
654.0	0.091692406
653.5	0.091783115
653.0	0.091873883
652.5	0.091964709
652.0	0.092055593
651.5	0.092146535
651.0	0.092237536
650.5	0.092328595
650.0	0.092419712
649.5	0.092510887
649.0	0.09260212
648.5	0.092693411
648.0	0.09278476
647.5	0.092876167
647.0	0.092967632
646.5	0.093059155
646.0	0.093150736
645.5	0.093242375
645.0	0.093334072
644.5	0.093425827
644.0	0.09351764
643.5	0.093609511
643.0	0.09370144
642.5	0.093793427
642.0	0.093885471
641.5	0.093977573
641.0	0.094069733
640.5	0.09416195
640.0	0.094254225
639.5	0.094346558
639.0	0.094438948
638.5	0.094531396
638.0	0.094623902
637.5	0.094716465
637.0	0.094809086
636.5	0.094901764
636.0	0.094994499
635.5	0.095087292
635.0	0.095180142
634.5	0.09527305
634.0	0.095366015
633.5	0.095459037
633.0	0.095552117
632.5	0.095645254
632.0	0.095738448
631.5	0.095831699
631.0	0.095925007
630.5	0.096018373
630.0	0.096111796
629.5	0.096205276
629.0	0.096298813
628.5	0.096392407
628.0	0.096486058
627.5	0.096579766
627.0	0.096673531
626.5	0.096767352
626.0	0.09686123
625.5	0.096955165
625.0	0.097049157
624.5	0.097143206
624.0	0.097237312
623.5	0.097331475
623.0	0.097425694
622.5	0.09751997
622.0	0.097614303
621.5	0.097708693
621.0	0.097803139
620.5	0.097897642
620.0	0.097992202
619.5	0.098086818
619.0	0.098181491
618.5	0.098276221
618.0	0.098371007
617.5	0.09846585
617.0	0.09856075
616.5	0.098655706
616.0	0.098750719
615.5	0.098845788
615.0	0.098940914
614.5	0.099036096
614.0	0.099131335
613.5	0.09922663
613.0	0.099321982
612.5	0.09941739
612.0	0.099512855
611.5	0.099608376
611.0	0.099703953
610.5	0.099799587
610.0	0.099895277
609.5	0.099991023
609.0	0.100086826
608.5	0.100182685
608.0	0.1002786
607.5	0.100374572
607.0	0.1004706
606.5	0.100566684
606.0	0.100662824
605.5	0.10075902
605.0	0.100855272
604.5	0.10095158
604.0	0.101047945
603.5	0.101144366
603.0	0.101240843
602.5	0.101337376
602.0	0.101433965
601.5	0.10153061
601.0	0.101627311
600.5	0.101724068
600.0	0.10182088
599.5	0.101917748
599.0	0.102014672
598.5	0.102111652
598.0	0.102208688
597.5	0.10230578
597.0	0.102402927
596.5	0.10250013
596.0	0.102597389
595.5	0.102694703
595.0	0.102792073
594.5	0.102889499
594.0	0.102986981
593.5	0.103084519
593.0	0.103182113
592.5	0.103279763
592.0	0.103377469
591.5	0.103475231
591.0	0.103573049
590.5	0.103670924
590.0	0.103768855
589.5	0.103866842
589.0	0.103964886
588.5	0.104062986
588.0	0.104161143
587.5	0.104259356
587.0	0.104357626
586.5	0.104455953
586.0	0.104554337
585.5	0.104652777
585.0	0.104751274
584.5	0.104849828
584.0	0.104948439
583.5	0.105047107
583.0	0.105145832
582.5	0.105244614
582.0	0.105343453
581.5	0.10544235
581.0	0.105541304
580.5	0.105640315
580.0	0.105739383
579.5	0.105838509
579.0	0.105937692
578.5	0.106036933
578.0	0.106136231
577.5	0.106235587
577.0	0.106335
576.5	0.106434471
576.0	0.106534
575.5	0.106633586
575.0	0.10673323
574.5	0.106832932
574.0	0.106932692
573.5	0.10703251
573.0	0.107132386
572.5	0.10723232
572.0	0.10733231
571.5	0.10743236
571.0	0.10753247
570.5	0.10763264
570.0	0.10773287
569.5	0.10783316
569.0	0.10793351
568.5	0.10803392
568.0	0.10817825
567.5	0.1083665
567.0	0.10851095
566.5	0.1086116
566.0	0.10871231
565.5	0.10881308
565.0	0.10891391
564.5	0.1090148
564.0	0.10911575
563.5	0.10921677
563.0	0.10931785
562.5	0.10941899
562.0	0.10952019
561.5	0.10962145
561.0	0.10972278
560.5	0.10982417
560.0	0.10992562
559.5	0.11002714
559.0	0.11012872
558.5	0.11023036
558.0	0.11033207
557.5	0.11043384
557.0	0.11053567
556.5	0.11063757
556.0	0.11073953
555.5	0.11084156
555.0	0.11094365
554.5	0.1110458
554.0	0.11114802
553.5	0.1112503
553.0	0.11135265
552.5	0.11145507
552.0	0.11155755
551.5	0.1116601
551.0	0.11176271
550.5	0.11186539
550.0	0.11196813
549.5	0.11207094
549.0	0.11217382
548.5	0.11227676
548.0	0.11237977
547.5	0.11248285
547.0	0.11258599
546.5	0.1126892
546.0	0.11279248
545.5	0.11289583
545.0	0.11299924
544.5	0.11310272
544.0	0.11320627
543.5	0.11330989
543.0	0.11341358
542.5	0.11351733
542.0	0.11362115
541.5	0.11372504
541.0	0.113829
540.5	0.11393303
540.0	0.11403713
539.5	0.1141413
539.0	0.11424554
538.5	0.11434985
538.0	0.11445423
537.5	0.11455868
537.0	0.1146632
536.5	0.11476779
536.0	0.11487245
535.5	0.11497718
535.0	0.11508198
534.5	0.11518685
534.0	0.11529179
533.5	0.1153968
533.0	0.11550188
532.5	0.11560703
532.0	0.11571225
531.5	0.11581755
531.0	0.11592292
530.5	0.11602836
530.0	0.11613387
529.5	0.11623945
529.0	0.11634511
528.5	0.11645084
528.0	0.11655664
527.5	0.11666251
527.0	0.11676846
526.5	0.11687448
526.0	0.11698057
525.5	0.11708673
525.0	0.11719297
524.5	0.11729928
524.0	0.11740566
523.5	0.11751212
523.0	0.11761865
522.5	0.11772526
522.0	0.11783194
521.5	0.11793869
521.0	0.11804552
520.5	0.11815242
520.0	0.1182594
519.5	0.11836645
519.0	0.11847358
518.5	0.11858078
518.0	0.11868806
517.5	0.11879541
517.0	0.11890284
516.5	0.11901034
516.0	0.11911792
515.5	0.11922557
515.0	0.1193333
514.5	0.1194411
514.0	0.11954898
513.5	0.11965693
513.0	0.11976496
512.5	0.11987307
512.0	0.11998125
511.5	0.12008951
511.0	0.12019785
510.5	0.12030626
510.0	0.12041475
509.5	0.12052332
509.0	0.12063196
508.5	0.12074068
508.0	0.12084948
507.5	0.12095835
507.0	0.1210673
506.5	0.12117633
506.0	0.12128544
505.5	0.12139462
505.0	0.12150388
504.5	0.12161322
504.0	0.12172264
503.5	0.12183214
503.0	0.12194171
502.5	0.12205136
502.0	0.12216109
501.5	0.1222709
501.0	0.12238079
500.5	0.12249076
500.0	0.1226008
499.5	0.12271092
499.0	0.12282112
498.5	0.1229314
498.0	0.12304176
497.5	0.1231522
497.0	0.12326272
496.5	0.12337332
496.0	0.123484
495.5	0.1237962
495.0	0.12430991
494.5	0.12462227
494.0	0.12473327
493.5	0.12484435
493.0	0.12495551
492.5	0.12506675
492.0	0.12517807
491.5	0.12528947
491.0	0.12540095
490.5	0.12551251
490.0	0.12562415
489.5	0.12573587
489.0	0.12584767
488.5	0.12595955
488.0	0.12607151
487.5	0.12618355
487.0	0.12629567
486.5	0.12640787
486.0	0.12652016
485.5	0.12663253
485.0	0.12674498
484.5	0.12685751
484.0	0.12697012
483.5	0.12708281
483.0	0.12719558
482.5	0.12730844
482.0	0.12742138
481.5	0.1275344
481.0	0.1276475
480.5	0.12776069
480.0	0.12787396
479.5	0.12798731
479.0	0.12810074
478.5	0.12821426
478.0	0.12832786
477.5	0.12844154
477.0	0.12855531
476.5	0.12866916
476.0	0.1287831
475.5	0.12889712
475.0	0.12901122
474.5	0.12912541
474.0	0.12923968
473.5	0.12935404
473.0	0.12946848
472.5	0.12958301
472.0	0.12969762
471.5	0.12981232
471.0	0.1299271
470.5	0.13004197
470.0	0.13015693
469.5	0.13027197
469.0	0.1303871
468.5	0.13050232
468.0	0.13061762
467.5	0.13073301
467.0	0.13084849
466.5	0.13096405
466.0	0.1310797
465.5	0.13119544
465.0	0.13131126
464.5	0.13142717
464.0	0.13154317
463.5	0.13165926
463.0	0.13177544
462.5	0.1318917
462.0	0.13200805
461.5	0.13212449
461.0	0.13224102
460.5	0.13235764
460.0	0.13247435
459.5	0.13259115
459.0	0.13270804
458.5	0.13282502
458.0	0.13294209
457.5	0.13305925
457.0	0.1331765
456.5	0.13329384
456.0	0.13341127
455.5	0.13352879
455.0	0.1336464
454.5	0.1337641
454.0	0.13388189
453.5	0.13399977
453.0	0.13411774
452.5	0.1342358
452.0	0.13435395
451.5	0.13447219
451.0	0.13459053
450.5	0.13470896
450.0	0.13482748
449.5	0.13494609
449.0	0.13506479
448.5	0.13518359
448.0	0.13530248
447.5	0.13542146
447.0	0.13554053
446.5	0.1356597
446.0	0.13577896
445.5	0.13589831
445.0	0.13601775
444.5	0.13613729
444.0	0.13625692
443.5	0.13637664
443.0	0.13649646
442.5	0.13661637
442.0	0.13673638
441.5	0.13685648
441.0	0.13697667
440.5	0.13709696
440.0	0.13721734
439.5	0.13733782
439.0	0.13745839
438.5	0.13757906
438.0	0.13769982
437.5	0.13782068
437.0	0.13794163
436.5	0.13806268
436.0	0.13818383
435.5	0.13830507
435.0	0.13842641
434.5	0.13854784
434.0	0.13866937
433.5	0.138791
433.0	0.13891273
432.5	0.13903455
432.0	0.13915647
431.5	0.13927849
431.0	0.13940061
430.5	0.13952282
430.0	0.13964513
429.5	0.13976754
429.0	0.13989005
428.5	0.14001266
428.0	0.14013537
427.5	0.14025818
427.0	0.14038109
426.5	0.1405041
426.0	0.14062721
425.5	0.14075042
425.0	0.14087373
424.5	0.14099714
424.0	0.14112065
423.5	0.14149043
423.0	0.14210649
422.5	0.14247647
422.0	0.14260038
421.5	0.14272439
421.0	0.1428485
420.5	0.14297272
420.0	0.14309704
419.5	0.14322146
419.0	0.14334598
418.5	0.14347061
418.0	0.14359534
417.5	0.14372017
417.0	0.1438451
416.5	0.14397014
416.0	0.14409528
415.5	0.14422052
415.0	0.14434587
414.5	0.14447132
414.0	0.14459687
413.5	0.14472253
413.0	0.14484829
412.5	0.14497416
412.0	0.14510013
411.5	0.14522621
411.0	0.14535239
410.5	0.14547868
410.0	0.14560507
409.5	0.14573157
409.0	0.14585817
408.5	0.14598488
408.0	0.14611169
407.5	0.14623861
407.0	0.14636564
406.5	0.14649277
406.0	0.14662001
405.5	0.14674735
405.0	0.1468748
404.5	0.14700236
404.0	0.14713002
403.5	0.14725779
403.0	0.14738567
402.5	0.14751366
402.0	0.14764175
401.5	0.14776995
401.0	0.14789826
400.5	0.14802668
400.0	0.14815521
399.5	0.14828384
399.0	0.14841258
398.5	0.14854143
398.0	0.14867039
397.5	0.14879946
397.0	0.14892864
396.5	0.14905793
396.0	0.14918733
395.5	0.14931684
395.0	0.14944646
394.5	0.14957619
394.0	0.14970603
393.5	0.14983598
393.0	0.14996604
392.5	0.15009621
392.0	0.15022649
391.5	0.15035688
391.0	0.15048738
390.5	0.150618
390.0	0.15074873
389.5	0.15087957
389.0	0.15101052
388.5	0.15114158
388.0	0.15127276
387.5	0.15140405
387.0	0.15153545
386.5	0.15166696
386.0	0.15179859
385.5	0.15193033
385.0	0.15206218
384.5	0.15219415
384.0	0.15232623
383.5	0.15245842
383.0	0.15259073
382.5	0.15272315
382.0	0.15285568
381.5	0.15298833
381.0	0.15312109
380.5	0.15325397
380.0	0.15338696
379.5	0.15352007
379.0	0.15365329
378.5	0.15378663
378.0	0.15392008
377.5	0.15405365
377.0	0.15418733
376.5	0.15432113
376.0	0.15445504
375.5	0.15458907
375.0	0.15472322
374.5	0.15485748
374.0	0.15499186
373.5	0.15512636
373.0	0.15526097
372.5	0.1553957
372.0	0.15553055
371.5	0.15566551
371.0	0.15580059
370.5	0.15593579
370.0	0.15607111
369.5	0.15620654
369.0	0.15634209
368.5	0.15647776
368.0	0.15661355
367.5	0.15674946
367.0	0.15688548
366.5	0.15702162
366.0	0.15715788
365.5	0.15729426
365.0	0.15743076
364.5	0.15756738
364.0	0.15770412
363.5	0.15784097
363.0	0.15797794
362.5	0.15811503
362.0	0.15825224
361.5	0.15838957
361.0	0.15852702
360.5	0.15866459
360.0	0.15880228
359.5	0.15894009
359.0	0.15907802
358.5	0.15921607
358.0	0.15935424
357.5	0.15949253
357.0	0.15963094
356.5	0.15976947
356.0	0.15990812
355.5	0.16004689
355.0	0.16018579
354.5	0.16032481
354.0	0.16051228
353.5	0.1607482
353.0	0.16093591
352.5	0.16107541
352.0	0.16121503
351.5	0.16135477
351.0	0.16149464
350.5	0.16163463
350.0	0.16177474
349.5	0.16191497
349.0	0.16205532
348.5	0.1621958
348.0	0.1623364
347.5	0.16247712
347.0	0.16261796
346.5	0.16275892
346.0	0.16290001
345.5	0.16304122
345.0	0.16318255
344.5	0.16332401
344.0	0.16346559
343.5	0.16360729
343.0	0.16374911
342.5	0.16389106
342.0	0.16403313
341.5	0.16417532
341.0	0.16431764
340.5	0.16446008
340.0	0.16460264
339.5	0.16474533
339.0	0.16488814
338.5	0.16503107
338.0	0.16517413
337.5	0.16531731
337.0	0.16546061
336.5	0.16560404
336.0	0.16574759
335.5	0.16589127
335.0	0.16603507
334.5	0.166179
334.0	0.16632306
333.5	0.16646725
333.0	0.16661158
332.5	0.16675605
332.0	0.16690067
331.5	0.16704544
331.0	0.16719036
330.5	0.16733544
330.0	0.16748068
329.5	0.16762608
329.0	0.16777165
328.5	0.16791739
328.0	0.16806331
327.5	0.16820941
327.0	0.1683557
326.5	0.16850217
326.0	0.16864884
325.5	0.1687957
325.0	0.16894276
324.5	0.16909002
324.0	0.16923749
323.5	0.16938517
323.0	0.16953307
322.5	0.16968118
322.0	0.16982952
321.5	0.16997808
321.0	0.17012687
320.5	0.17027589
320.0	0.17042515
319.5	0.17057465
319.0	0.17072439
318.5	0.17087438
318.0	0.17102462
317.5	0.17117511
317.0	0.17132586
316.5	0.17147687
316.0	0.17162815
315.5	0.1717797
315.0	0.17193152
314.5	0.17208361
314.0	0.17223598
313.5	0.17238864
313.0	0.17254158
312.5	0.17269481
312.0	0.17284833
311.5	0.17300215
311.0	0.17315627
310.5	0.17331069
310.0	0.17346542
309.5	0.17362046
309.0	0.17377581
308.5	0.17393148
308.0	0.17408747
307.5	0.17424378
307.0	0.17440042
306.5	0.17455739
306.0	0.17471469
305.5	0.17487233
305.0	0.17503031
304.5	0.17518863
304.0	0.1753473
303.5	0.17550632
303.0	0.17566569
302.5	0.17582542
302.0	0.17598551
301.5	0.17614596
301.0	0.17630678
300.5	0.17646797
300.0	0.17662953
299.5	0.17679146
299.0	0.17695377
298.5	0.17711646
298.0	0.17727954
297.5	0.17744301
297.0	0.17760687
296.5	0.17777112
296.0	0.17793577
295.5	0.17810082
295.0	0.17826627
294.5	0.17843213
294.0	0.1785984
293.5	0.17876508
293.0	0.17893218
292.5	0.1790997
292.0	0.17926764
291.5	0.179436
291.0	0.17960479
290.5	0.17977401
290.0	0.17994367
289.5	0.18011376
289.0	0.18028429
288.5	0.18045527
288.0	0.18062669
287.5	0.18079856
287.0	0.18097088
286.5	0.18114365
286.0	0.18131688
285.5	0.18149057
285.0	0.18166472
284.5	0.18183934
284.0	0.18209231
283.5	0.18242364
283.0	0.18267756
282.5	0.18285407
282.0	0.18303106
281.5	0.18320853
281.0	0.18338649
280.5	0.18356493
280.0	0.18374386
279.5	0.18392329
279.0	0.18410321
278.5	0.18428363
278.0	0.18446455
277.5	0.18464598
277.0	0.18482791
276.5	0.18501035
276.0	0.18519331
275.5	0.18537678
275.0	0.18556077
274.5	0.18574528
274.0	0.18593031
273.5	0.18611587
273.0	0.18630195
272.5	0.18648856
272.0	0.18667571
271.5	0.18686339
271.0	0.18705161
270.5	0.18724037
270.0	0.18742967
269.5	0.18761952
269.0	0.18780992
268.5	0.18800087
268.0	0.18819237
267.5	0.18838443
267.0	0.18857705
266.5	0.18877023
266.0	0.18896397
265.5	0.18915827
265.0	0.18935314
264.5	0.18954858
264.0	0.18974459
263.5	0.18994118
263.0	0.19013835
262.5	0.1903361
262.0	0.19059529
261.5	0.19091592
261.0	0.19117628
260.5	0.19137637
260.0	0.19157705
259.5	0.19177832
259.0	0.19198019
258.5	0.19218266
258.0	0.19238573
257.5	0.1925894
257.0	0.19279368
256.5	0.19299856
256.0	0.19320405
255.5	0.19341016
255.0	0.19361688
254.5	0.19382422
254.0	0.19403217
253.5	0.19424075
253.0	0.19444995
252.5	0.19465977
252.0	0.19487022
251.5	0.1950813
251.0	0.19529301
250.5	0.19550535
250.0	0.19571833
249.5	0.19593195
249.0	0.19614621
248.5	0.19636111
248.0	0.19657665
247.5	0.19679284
247.0	0.19700968
246.5	0.19722717
246.0	0.19744531
245.5	0.1976641
245.0	0.19788355
244.5	0.19810366
244.0	0.19832443
243.5	0.19854586
243.0	0.19876795
242.5	0.19899071
242.0	0.19921414
241.5	0.19943824
241.0	0.19966301
240.5	0.19990469
240.0	0.20016328
239.5	0.20040631
239.0	0.20063378
238.5	0.20086194
238.0	0.20124272
237.5	0.20177613
237.0	0.20220487
236.5	0.20252895
236.0	0.20280713
235.5	0.20303941
235.0	0.20372787
234.5	0.20487247
234.0	0.20556232
233.5	0.20579739
233.0	0.20603316
232.5	0.20626963
232.0	0.20650681
231.5	0.20674469
231.0	0.20698328
230.5	0.20722258
230.0	0.20746259
229.5	0.20770332
229.0	0.20803516
228.5	0.20845812
228.0	0.2087914
227.5	0.209035
227.0	0.20927932
226.5	0.20952436
226.0	0.20977013
225.5	0.21001662
225.0	0.21026384
224.5	0.21051179
224.0	0.21076047
223.5	0.21118651
223.0	0.21178992
222.5	0.21415062
222.0	0.21826862
221.5	0.22045412
221.0	0.22070722
220.5	0.22096106
220.0	0.22121565
219.5	0.22147098
219.0	0.22172706
218.5	0.22198389
218.0	0.22224147
217.5	0.2224998
217.0	0.22275888
216.5	0.22301871
216.0	0.2232793
215.5	0.22354065
215.0	0.22380275
214.5	0.22406561
214.0	0.22432924
213.5	0.22459363
213.0	0.22485878
212.5	0.2251247
212.0	0.22539138
211.5	0.22565883
211.0	0.22592705
210.5	0.22619604
210.0	0.22691433
209.5	0.22808193
209.0	0.22880177
208.5	0.22907386
208.0	0.22934672
207.5	0.22962036
207.0	0.22989478
206.5	0.23016998
206.0	0.23044596
205.5	0.23072273
205.0	0.23100028
204.5	0.23127862
204.0	0.23155774
203.5	0.23183765
203.0	0.23211835
202.5	0.23239984
202.0	0.23268212
201.5	0.2329652
201.0	0.23324907
200.5	0.23353373
200.0	0.23381919
199.5	0.23410545
199.0	0.23439251
198.5	0.23468037
198.0	0.23496903
197.5	0.23525849
197.0	0.23554875
196.5	0.23583981
196.0	0.23613168
195.5	0.23642436
195.0	0.23671784
194.5	0.23701213
194.0	0.23730723
193.5	0.23760314
193.0	0.23789986
192.5	0.23819739
192.0	0.23849574
191.5	0.2387949
191.0	0.23909487
190.5	0.23939566
190.0	0.24005216
189.5	0.24106436
189.0	0.24172249
188.5	0.24202655
188.0	0.24233143
187.5	0.24263714
187.0	0.24294367
186.5	0.24325102
186.0	0.24355919
185.5	0.24386819
185.0	0.24417802
184.5	0.24448867
184.0	0.24480015
183.5	0.24511246
183.0	0.2454256
182.5	0.24573957
182.0	0.24605437
181.5	0.24637
181.0	0.24668646
180.5	0.24700376
180.0	0.24732189
179.5	0.24764085
179.0	0.24796065
178.5	0.24828129
178.0	0.24860276
177.5	0.24892507
177.0	0.24924822
176.5	0.24957221
176.0	0.24989704
175.5	0.25022271
175.0	0.25054922
174.5	0.25087657
174.0	0.25120476
173.5	0.2515338
173.0	0.25186368
172.5	0.2521944
172.0	0.25252597
171.5	0.25285838
171.0	0.25319164
170.5	0.25352575
170.0	0.2538607
169.5	0.2541965
169.0	0.25453315
168.5	0.25487065
168.0	0.255209
167.5	0.2555482
167.0	0.25588825
166.5	0.25622915
166.0	0.2565709
165.5	0.25691351
165.0	0.25730745
164.5	0.25800099
164.0	0.25889315
163.5	0.25948743
163.0	0.25983431
162.5	0.26018204
162.0	0.26053748
161.5	0.26090062
161.0	0.26125777
160.5	0.26160893
160.0	0.26196094
159.5	0.26231381
159.0	0.26266754
158.5	0.26302213
158.0	0.26337758
157.5	0.2637339
157.0	0.26409108
156.5	0.26444913
156.0	0.26480805
155.5	0.26516784
155.0	0.26552851
154.5	0.26589005
154.0	0.26625247
153.5	0.26661577
153.0	0.26697996
152.5	0.26734503
152.0	0.26771099
151.5	0.26807784
151.0	0.26844558
150.5	0.26881421
150.0	0.26918374
149.5	0.26955416
149.0	0.26992548
148.5	0.28142348
148.0	0.30404948
147.5	0.31557548
147.0	0.3160009
146.5	0.31640199
146.0	0.31677874
145.5	0.31715641
145.0	0.31753499
144.5	0.31791448
144.0	0.31829489
143.5	0.31867622
143.0	0.31921806
142.5	0.31992042
142.0	0.32046411
141.5	0.32084913
141.0	0.32123508
140.5	0.32162196
140.0	0.32201083
139.5	0.3224017
139.0	0.32279244
138.5	0.32318306
138.0	0.32357461
137.5	0.3239671
137.0	0.32436053
136.5	0.32475782
136.0	0.32515897
135.5	0.32555815
135.0	0.32595536
134.5	0.32635352
134.0	0.32675263
133.5	0.32715269
133.0	0.32755371
132.5	0.32795568
132.0	0.32835861
131.5	0.32876249
131.0	0.32916733
130.5	0.32957313
130.0	0.32997989
129.5	0.33038762
129.0	0.33079631
128.5	0.33120597
128.0	0.33183773
127.5	0.33269159
127.0	0.33332529
126.5	0.33373882
126.0	0.33415333
125.5	0.33456881
125.0	0.33498526
124.5	0.33599726
124.0	0.33760476
123.5	0.33861866
123.0	0.33903903
122.5	0.33946038
122.0	0.33989345
121.5	0.34033825
121.0	0.34077329
120.5	0.34119857
120.0	0.34162484
119.5	0.3420521
119.0	0.34248035
118.5	0.34290959
118.0	0.34333982
117.5	0.34377104
117.0	0.34420325
116.5	0.34463646
116.0	0.34507066
115.5	0.34550586
115.0	0.34594206
114.5	0.34637925
114.0	0.34681744
113.5	0.34725663
113.0	0.34769682
112.5	0.34813802
112.0	0.34858022
111.5	0.34902342
111.0	0.34946763
110.5	0.34991284
110.0	0.35035906
109.5	0.35080629
109.0	0.35342419
108.5	0.35821269
108.0	0.36083259
107.5	0.36128386
107.0	0.36173614
106.5	0.36218943
106.0	0.36264373
105.5	0.36309905
105.0	0.36355538
104.5	0.36401272
104.0	0.36447108
103.5	0.36493046
103.0	0.36539085
102.5	0.36585226
102.0	0.36631469
101.5	0.36677814
101.0	0.36724261
100.5	0.3677081
100.0	0.36817461
99.5	0.36885111
99.0	0.36973759
98.5	0.37041613
98.0	0.37088673
97.5	0.37135835
97.0	0.371831
96.5	0.37230467
96.0	0.37277937
95.5	0.37325509
95.0	0.37405659
94.5	0.37518389
94.0	0.37598744
93.5	0.37646727
93.0	0.37694813
92.5	0.37743002
92.0	0.37791294
91.5	0.37839688
91.0	0.37888185
90.5	0.37936785
90.0	0.37985488
89.5	0.38034294
89.0	0.38083204
88.5	0.38132217
88.0	0.38181333
87.5	0.38230552
87.0	0.38279874
86.5	0.38329299
86.0	0.38378828
85.5	0.3842846
85.0	0.38478195
84.5	0.38528034
84.0	0.38577976
83.5	0.38693736
83.0	0.38875316
82.5	0.38991286
82.0	0.39041641
81.5	0.390921
81.0	0.39142662
80.5	0.39193328
80.0	0.39425938
79.5	0.39975058
79.0	0.40476998
78.5	0.40662638
78.0	0.40713821
77.5	0.40765107
77.0	0.40816497
76.5	0.4086799
76.0	0.40919587
75.5	0.41100287
75.0	0.41410077
74.5	0.41590977
74.0	0.41642988
73.5	0.41695102
73.0	0.4174732
72.5	0.41799641
72.0	0.41852065
71.5	0.41904593
71.0	0.41957224
70.5	0.42009959
70.0	0.42062797
69.5	0.42115738
69.0	0.42168783
68.5	0.42221931
68.0	0.42275182
67.5	0.42328537
67.0	0.42381995
66.5	0.42435563
66.0	0.4248924
65.5	0.4321407
65.0	0.4461007
64.5	0.453351
64.0	0.45389177
63.5	0.45443357
63.0	0.45551357
62.5	0.45713177
62.0	0.45821387
61.5	0.45875979
61.0	0.45930673
60.5	0.4598547
60.0	0.4604037
59.5	0.4624384
59.0	0.4659588
58.5	0.468451
58.0	0.4699151
57.5	0.4709247
57.0	0.4733435
56.5	0.477627
56.0	0.4800479
55.5	0.48060613
55.0	0.48116538
54.5	0.48172566
54.0	0.48228696
53.5	0.48284928
53.0	0.48848898
52.5	0.49920598
52.0	0.50484768
51.5	0.50541408
51.0	0.5059815
50.5	0.50654994
50.0	0.5071194
49.5	0.50768987
49.0	0.50826136
48.5	0.50883386
48.0	0.50940738
47.5	0.50998191
47.0	0.51055745
46.5	0.51113401
46.0	0.51171158
45.5	0.51229016
45.0	0.51836336
44.5	0.52993136
44.0	0.53600656
43.5	0.53658918
43.0	0.5371728
42.5	0.53775743
42.0	0.53834306
41.5	0.5389297
41.0	0.53951734
40.5	0.54010598
40.0	0.54069563
39.5	0.54128628
39.0	0.54187812
38.5	0.54247196
38.0	0.56170496
37.5	0.59958096
37.0	0.61882696
36.5	0.62104666
36.0	0.62487726
35.5	0.62710916
35.0	0.62774318
34.5	0.62838664
34.0	0.62904045
33.5	0.62970551
33.0	0.63038274
32.5	0.63107303
32.0	0.63177729
31.5	0.6324964
31.0	0.63323126
30.5	0.63398275
30.0	0.63475176
29.5	0.63553917
29.0	0.63634585
28.5	0.63717267
28.0	0.63802051
27.5	0.63889022
27.0	0.63978267
26.5	0.64069871
26.0	0.6416392
25.5	0.6426051
25.0	0.6516753
24.5	0.6688523
24.0	0.6779837
23.5	0.6790719
23.0	0.6801961
22.5	0.6813584
22.0	0.6827664
21.5	0.6844222
21.0	0.685917
20.5	0.6872528
20.0	0.6886373
19.5	0.6900725
19.0	0.6915604
18.5	0.6931032
18.0	0.6947028
17.5	0.6963614
17.0	0.6980809
16.5	0.6998634
16.0	0.7017109
15.5	0.7036254
15.0	0.7056089
14.5	0.7076634
14.0	0.7097909
13.5	0.7119933
13.0	0.7142727
12.5	0.7166338
12.0	0.7190936
11.5	0.7216701
11.0	0.7243814
10.5	0.7272453
10.0	0.7306901
9.5	0.7414261
9.0	0.7613681
8.5	0.7892461
8.0	0.8208381
7.5	0.8386551
7.0	0.8446343
6.5	0.850893
6.0	0.856694
5.5	0.8620544
5.0	0.8677598
4.5	0.8738272
4.0	0.8802735
3.5	0.8871156
3.0	0.8943704
2.5	0.9020545
2.0	0.9258305
1.5	0.9657155
1.0	0.9904335
0.5	1
