Energy(keV)	ProbaCum
7686.82	0.124999942488555
7386.1	0.124999948247669
6954	0.124999948251124
6950.1	0.124999948252391
6902.2	0.125012949611553
6819.1	0.125012954184300
6819	0.125012954184323
6802	0.125012954184415
6754	0.125012954184461
6671	0.125012954184507
6636	0.125012954184524
6622.9	0.125012958995699
6609.8	0.125013034003540
6589	0.125013034003656
6552.6	0.125013034746583
6530	0.125013034753494
6519	0.125013034753511
6425	0.125013035185446
6311	0.125013035188556
6278.2	0.125013036120958
6223	0.125013036121189
6158	0.125013036122225
6124	0.125013036122283
6100	0.125013036122341
6038.01	0.125013037516049
6008.8	0.125013037683064
6002.35	0.249999728786320
6000	0.249999728786493
5977.72	0.249999730139888
5959.7	0.249999730312661
5958	0.249999730312667
5944	0.249999730312782
5916	0.249999730357703
5909.9	0.249999730367724
5900	0.249999730367730
5871.3	0.249999730425321
5866.6	0.249999730564692
5857.5	0.249999730582546
5807.5	0.249999730655686
5795.5	0.249999730673597
5764	0.249999730673655
5762.3	0.249999730686786
5756.87	0.249999731861648
5747	0.249999732379969
5744	0.249999732379975
5728.1	0.249999732381944
5716.23	0.249999735353654
5713.2	0.249999735635275
5708.8	0.249999736113283
5700.8	0.249999736322339
5693	0.249999736408726
5674.3	0.249999736412009
5668	0.249999736530647
5640.2	0.249999736531678
5622	0.249999736532081
5613.3	0.249999736544521
5606.73	0.249999737995821
5600.6	0.249999738005611
5585.9	0.249999738015747
5539.8	0.249999738534069
5531.7	0.249999738535278
5509.9	0.249999738536234
5501.6	0.249999738593825
5489.58	0.374912796999522
5481.2	0.374912796999983
5480.4	0.374912797000052
5458.6	0.374912797000208
5433.6	0.374912797128060
5408.7	0.374912797128085
5365.6	0.374912797135572
5365	0.374912797135610
5338.7	0.374912797143097
5335.9	0.374912797143109
5321.8	0.374912797143122
5304.33	0.499925866003908
5299.4	0.499925866003960
5287.3	0.499925866012599
5282.8	0.499925866017955
5264.3	0.499925866018104
5258.8	0.499925866020523
5248.3	0.499925866020707
5236.3	0.499925866023069
5229.2	0.499925866023633
5211.6	0.499925866023938
5210.2	0.499925866024341
5193.7	0.499925866024560
5181	0.499927240893289
5180.6	0.499927240893358
5172.8	0.499927240894855
5171	0.499927240894953
5151.8	0.499927240896163
5146.5	0.499927240896399
5134.8	0.499927240896497
5128.7	0.499927240896532
5112.4	0.499927240896567
5110.5	0.499927240896583
5086.2	0.499927240896600
5083.5	0.499927240896609
5058.6	0.499927241530113
5056.1	0.499927241530126
5056	0.499927241530138
5036	0.499927241530161
5033.5	0.499927241530179
5032	0.499927241674157
5028.4	0.499927242825982
5025.5	0.499927242826019
5014.4	0.499927242826044
5013.8	0.499927244288862
4986	0.500024754482574
4986	0.500024754563201
4975	0.500024754586238
4951.3	0.500024755899319
4934	0.500024756072093
4900	0.500024756072208
4853	0.500024756152835
4826	0.500025381218180
4795	0.500025381220483
4784.34	0.617337645039444
4774.6	0.706571973592273
4736	0.706571974076040
4722.4	0.742100688246275
4713	0.742100688303866
4687	0.837485659844645
4681	0.837485659931032
4643	0.837485659936792
4632	0.837485659942551
4620.5	0.866738718055974
4603.5	0.866988744193696
4601	0.874689549235521
4599	0.874689549236384
4596.4	0.874689549524341
4566	0.874689549524801
4556	0.874689549766685
4516.58	0.874690849902601
4508	0.874690849902774
4502	0.874690850000679
4479.8	0.874840865683312
4438.4	0.874878369603970
4435	0.874878369644284
4414	0.874878369765226
4410	0.874878369765283
4397.8	0.874878372932803
4378	0.874878372942018
4371.8	0.874879585568786
4366.1	0.874879586547837
4362	0.874879586561659
4340	0.874887712411135
4322	0.874887712423229
4319	0.874887712676631
4295	0.874887712677150
4285	0.874887712682909
4278.3	0.874887722683954
4277.3	0.874887772689182
4272	0.874887772691082
4271	0.874887772714119
4248.5	0.874887785590465
4219	0.874887785642297
4217	0.874887785643276
4214.7	0.874887785971546
4198	0.973648110371567
4191	0.973649360502255
4160	0.973649698037541
4151	0.999902442498306
4150.6	0.999902475001704
4150	0.999902475053536
4108.6	0.999902483804451
4071	0.999902483805603
4038	0.999999993999314
3968	0.999999993999372
3877.8	0.999999998249816
3829.4	1.000000000000000
