Energy(keV)	ProbaCum
3183.63	0.0000039962
3160.5	0.0000054084
3149	0.0000056668
3142.56	0.0000092723
3094	0.0000104141
3081.77	0.0000254373
3053.93	0.0000888354
2999.97	0.0001152763
2978.93	0.0001573413
2934.57	0.0001587535
2928.54	0.0001620586
2921.98	0.0002032223
2893.53	0.0002206492
2880.35	0.0002509961
2861	0.0002521980
2826.97	0.0002591087
2785.95	0.0002759347
2769.93	0.0003498490
2719.33	0.0003549569
2699.26	0.0003633699
2694.66	0.0004544107
2662.3	0.0004550116
2630.9	0.0004575956
2604.5	0.0004587975
2574.2	0.0004595186
2564	0.0004599392
2562	0.0004604801
2553	0.0004607805
2550.7	0.0004617420
2505.48	0.0004785680
2482.8	0.0004845773
2472.9	0.0004914880
2447.7	0.0051426803
2444.7	0.0051673184
2423.34	0.0051820412
2405.1	0.0051832731
2390.83	0.0051880204
2376.91	0.0052147618
2369.54	0.0052231748
2360.98	0.0052279822
2353.5	0.0052291841
2348	0.0052296047
2331.36	0.0052948056
2325.16	0.0052999135
2319.3	0.0053011153
2312.42	0.0053275562
2310.2	0.0053317627
2293.38	0.0062541891
2287.65	0.0062677100
2284.34	0.0062827332
2270.9	0.0062866393
2266.53	0.0063365164
2260.27	0.0063626568
2251.51	0.0063800838
2204.06	0.0211749617
2192.59	0.0213011568
2176.54	0.0213110722
2160.4	0.0213164805
2147.99	0.0213576442
2120	0.0213786767
2118.51	0.0248640663
2109.98	0.0251194612
2089.67	0.0252555717
2085.19	0.0253877761
2052.97	0.0255950967
2021.55	0.0256566920
2010.82	0.0257900983
1994.6	0.0258111308
1970	0.0258123627
1937.04	0.0258186725
1935.62	0.0259148211
1926.5	0.0259161732
1911.19	0.0259349222
1898.68	0.0260851545
1896.05	0.0265328468
1893.51	0.0265385256
1890.32	0.0267909159
1874.88	0.0268154939
1873.16	0.0274584882
1867.69	0.0274863112
1863.09	0.0274899468
1847.43	0.0335743554
1838.36	0.0346259815
1831.36	0.0346783225
1819.69	0.0346809666
1819.2	0.0346830698
1813.72	0.0347161209
1809.04	0.0347273583
1796.2	0.0347286203
1765.44	0.0347549109
1764.49	0.0807259979
1751.6	0.0807290025
1737.75	0.0807930015
1729.6	0.0894403732
1711	0.0894457816
1694.1	0.0894471337
1684.01	0.0900901280
1676.1	0.0900976396
1667.6	0.0901010949
1665.9	0.0901212261
1661.27	0.0932670907
1657.07	0.0934113137
1637	0.0934293415
1636.36	0.0934638950
1601.8	0.0934653072
1599.37	0.0944388125
1598	0.0944568404
1595	0.0944718636
1594.75	0.0952741042
1593.87	0.0952797830
1583.2	0.0973980585
1570.67	0.0974013336
1558.4	0.0974034969
1553.75	0.0974281651
1550	0.0974315904
1543.34	0.0983419982
1538.53	0.0995378474
1527.27	0.0995438867
1515.5	0.0995643183
1510.21	0.0996035289
1509.21	0.1060034254
1501	0.1060062197
1483.5	0.1060452801
1481.3	0.1060479843
1479.17	0.1062132398
1470.9	0.1062408825
1458.5	0.1062465914
1449.2	0.1063006750
1434.14	0.1063299102
1419.7	0.1063458348
1413.88	0.1063526253
1407.99	0.1135457484
1401.52	0.1175419278
1392.7	0.1175523239
1392.5	0.1175793657
1385.31	0.1199620501
1377.67	0.1319445792
1370.5	0.1319746257
1341.49	0.1320377232
1329.94	0.1322810996
1321.5	0.1322961228
1316.99	0.1325394992
1303.75	0.1328609963
1285.1	0.1329090706
1284	0.1329421217
1280.98	0.1372507844
1279	0.1372898448
1270.71	0.1372907853
1238.12	0.1548198913
1237.26	0.1548356657
1234.3	0.1548358455
1230.6	0.1548598826
1226.7	0.1548869244
1207.68	0.1562420199
1196.33	0.1562434306
1193.73	0.1562842337
1174.2	0.1562900627
1173	0.1564553183
1167.3	0.1564913740
1156	0.1565124066
1155.6	0.1565604809
1155.21	0.1614670681
1133.66	0.1622218353
1130.45	0.1623300025
1124.93	0.1623310241
1124.93	0.1623401282
1120.6	0.1623452962
1120.29	0.2071746176
1118.9	0.2072948034
1109.48	0.2073107089
1108.8	0.2073557785
1104.71	0.2075901409
1103.7	0.2078845963
1103.52	0.2078852325
1087.4	0.2079303022
1084.25	0.2079327059
1081.9	0.2079354101
1080.16	0.2079371113
1073.7	0.2079371555
1069.96	0.2087544193
1067.39	0.2088295355
1062.4	0.2088685959
1061.86	0.2088750258
1059.4	0.2088818764
1058.1	0.2089059136
1051.96	0.2098463678
1045.7	0.2099154747
1041.7	0.2099192004
1038	0.2099444395
1033.3	0.2100045324
1032.38	0.2101938251
1025.1	0.2101938254
1025	0.2101938283
1021.36	0.2102388980
1020	0.2102389015
1015.2	0.2102389044
1014.64	0.2102412971
1013.4	0.2102803575
1001.03	0.2128102696
999.8	0.2128102751
999.3	0.2128102755
996.1	0.2128271015
995	0.2128271027
994.3	0.2128271029
991.49	0.2128601541
990	0.2128601605
989.4	0.2128601608
978.7	0.2128601622
976.18	0.2129064338
975.2	0.2129064341
971.7	0.2129064360
970	0.2129064619
969.2	0.2129064626
965	0.2129395137
964.08	0.2140362096
961.62	0.2140665565
960	0.2140689602
958.7	0.2140689717
958	0.2140689725
952.2	0.2140866999
951	0.2140897426
949.8	0.2141062682
949.3	0.2141062689
945.94	0.2141366158
943.33	0.2141876948
941.96	0.2141952665
941.6	0.2141952796
941.2	0.2141952860
939.6	0.2142463650
938.65	0.2142854254
938	0.2142854273
936.3	0.2142887324
934.5	0.2143187789
934.1	0.2144690112
934.06	0.2238044469
930.2	0.2238825677
927	0.2238825690
926.61	0.2238862947
926.5	0.2238862982
921.72	0.2239246976
920	0.2239246998
917.7	0.2239397230
915.75	0.2240088299
913.6	0.2240088307
911.3	0.2240088325
910	0.2240088353
908.6	0.2240092717
907.61	0.2240092988
904.31	0.2242376520
897.77	0.2242735042
896.71	0.2242735332
896.1	0.2242735537
893.1	0.2242735591
893	0.2242735616
891.1	0.2242736667
891	0.2242736702
883.22	0.2242841865
880.9	0.2242962051
878.2	0.2242962310
878.1	0.2242962380
878.03	0.2243322937
877.2	0.2243323380
876.5	0.2243324174
876.3	0.2243324596
873.06	0.2243865433
867.4	0.2243865467
867.3	0.2243866013
866.8	0.2243900266
865.93	0.2243908426
863.6	0.2243908496
863	0.2243908531
858.9	0.2243909009
857.3	0.2243909118
854.3	0.2243909247
851.58	0.2244116568
848.3	0.2244117072
847.16	0.2244838187
846.86	0.2244838246
846.86	0.2244839233
846.7	0.2244839506
844.1	0.2244872557
842.5	0.2244874207
842.19	0.2244874312
840.4	0.2245174776
839.07	0.2262691864
837.8	0.2262692845
836.2	0.2262693000
835.3	0.2262695213
833.9	0.2262695242
832.36	0.2263536543
832.01	0.2268404990
829.3	0.2268423162
828.5	0.2268423517
826.7	0.2268423831
826.45	0.2271939267
825.95	0.2271940312
825.6	0.2272138619
825.1	0.2272233806
823.4	0.2272238579
823.2	0.2272238730
821.18	0.2277076210
819.2	0.2277171398
818.2	0.2277201444
818.1	0.2277201758
818	0.2277202071
816.5	0.2277202100
814.96	0.2278373912
812.6	0.2278377049
812.4	0.2278377456
808.6	0.2278377592
808.2	0.2278461121
806.18	0.2316439849
806	0.2316439878
805.8	0.2316567275
805.75	0.2316744549
804.1	0.2316775702
803.9	0.2316776929
803.77	0.2316778071
803.06	0.2316809019
802.5	0.2316809462
799.7	0.2317121945
797.3	0.2317123636
796.22	0.2317123830
796.1	0.2317253630
794.9	0.2317287379
792.6	0.2317287433
792.6	0.2317287507
792.2	0.2317287518
791.94	0.2317287819
788.6	0.2317678423
787.6	0.2317678481
787.6	0.2317678484
787.4	0.2317678552
786.35	0.2327293420
786.3	0.2327353513
786.28	0.2328988040
785.96	0.2360837290
784.93	0.2360837581
784.2	0.2360837758
783.4	0.2360838930
781.75	0.2361072391
781	0.2361072991
780.8	0.2361073055
780.4	0.2361118244
775.83	0.2361127152
775.8	0.2361130015
773.4	0.2361130302
769.7	0.2362031696
768.36	0.2509079081
766.51	0.2509932442
766.42	0.2519457171
766.3	0.2519457716
765.8	0.2519458181
762.6	0.2519458233
762.2	0.2519458738
760.53	0.2519458867
757.2	0.2519459060
756.9	0.2519459415
755	0.2519520469
754.1	0.2519520919
753.65	0.2519521113
752.85	0.2523367060
750.12	0.2523367601
748.8	0.2523368365
746.4	0.2523368556
746.3	0.2523368982
742.81	0.2526571935
742.8	0.2526675775
742.4	0.2526675798
740.76	0.2527967796
740.1	0.2528295303
738.4	0.2528295432
738	0.2528353602
737.4	0.2528353622
735.4	0.2528353935
734.4	0.2528354126
733.81	0.2529586031
733.4	0.2529934089
732.8	0.2529934477
732.8	0.2529934560
732.5	0.2529973620
730.9	0.2530005301
728.4	0.2530005688
724.15	0.2530005998
723.5	0.2530006503
723.1	0.2530007355
723.08	0.2531119074
722.1	0.2531119769
719.87	0.2542897982
719.01	0.2542898763
718.5	0.2542898818
718.4	0.2542900754
711.3	0.2542905733
710.71	0.2545129172
708.87	0.2545492734
708.3	0.2545492763
708.2	0.2545512984
708.1	0.2545513427
707.2	0.2545513500
705.94	0.2545681761
705.9	0.2545796177
704.96	0.2547208361
704.64	0.2547847345
704.3	0.2547847493
703.11	0.2562029424
702	0.2562246960
699.82	0.2562727703
699.02	0.2562898968
699	0.2563080689
697.93	0.2565093802
696.9	0.2565094770
695.5	0.2565143446
693.3	0.2565311706
692.8	0.2565317715
692.6	0.2565380212
692	0.2565380285
691	0.2565648300
687.6	0.2565843602
683.4	0.2565860728
683.23	0.2568324538
677.6	0.2568324568
677.41	0.2568504846
676.69	0.2568522826
676.66	0.2568546754
673.9	0.2568566284
671.9	0.2568566296
671.9	0.2568566600
670.8	0.2568577717
669.7	0.2568627714
666.5	0.2568686365
665.45	0.2614687498
663.9	0.2614714516
663.7	0.2614714539
662.8	0.2614714649
660.94	0.2616307111
658.7	0.2616727761
655.3	0.2616769226
653.7	0.2616792590
651.5	0.2616822636
649.22	0.2618535285
649	0.2618565331
649	0.2618566563
646.1	0.2618567116
644.3	0.2618567280
641.7	0.2618569631
641	0.2618569666
639.62	0.2619561200
634.72	0.2619753497
633.1	0.2621436099
632.7	0.2621436145
632.3	0.2621436405
631.7	0.2621436958
630.8	0.2621707376
626.4	0.2621827562
624.6	0.2621831017
624.4	0.2621831041
623.8	0.2621831355
623.5	0.2621842419
621.4	0.2621842529
620	0.2621842553
619.9	0.2621842995
619.1	0.2621847836
617.8	0.2621872690
617.1	0.2622894270
615.77	0.2624516779
613.6	0.2624516802
609.38	0.2624576275
609.32	0.3991389834
609.31	0.3991468669
609	0.3991478766
608.3	0.3991484713
607.7	0.3991485054
607.6	0.3991485100
602.6	0.3991512118
600.7	0.3991512130
600.66	0.3991526853
600	0.3991767224
598.72	0.3991898617
596.9	0.3991898634
596	0.3991898653
595.24	0.3992409443
594	0.3992411380
592.3	0.3992411449
589	0.3992411558
584.3	0.3992413495
583.4	0.3992428254
583	0.3992434339
581.7	0.3992434700
581.3	0.3992434729
581.19	0.3992437193
580.14	0.4003554383
579.6	0.4003556320
579	0.4003557138
576.6	0.4003557263
576.1	0.4003557286
576	0.4003557831
574.1	0.4003559353
572.78	0.4005902977
572	0.4005929027
571.8	0.4005929760
570.5	0.4005929859
569.62	0.4005932052
569.5	0.4006347414
569	0.4006348519
568.94	0.4006349584
568.9	0.4006531305
565.2	0.4006583225
564.1	0.4006585299
557.24	0.4006585552
556.3	0.4006585575
556.1	0.4006586271
556.1	0.4006586340
552.4	0.4006586762
552.3	0.4006586821
551.8	0.4006586837
547.7	0.4006597942
547.6	0.4006658035
546.7	0.4006659238
545.8	0.4006660760
545.4	0.4006660766
543.98	0.4006771037
543.83	0.4008093081
542.83	0.4010406659
542	0.4010408595
540.4	0.4010408701
539.8	0.4010408829
538.42	0.4011009759
537.6	0.4011012649
537.2	0.4011012719
537.2	0.4011012760
536.9	0.4011014805
536.78	0.4012967825
535.8	0.4012968655
534.6	0.4012968832
533.66	0.4018407242
533.1	0.4018407283
528	0.4018557515
527.61	0.4018655714
527.6	0.4018655758
526.02	0.4018656037
524.8	0.4018656130
524.6	0.4019160911
524.5	0.4019161265
521.4	0.4019198667
519.9	0.4019694434
517.6	0.4019755289
516.7	0.4019755359
516.6	0.4019755750
516.6	0.4019756282
516.1	0.4019757665
513.4	0.4019795547
511	0.4020787081
510	0.4023070612
510	0.4023071165
509.7	0.4023072825
509.2	0.4023135922
508.2	0.4023136373
507.5	0.4023183546
507.5	0.4023184773
506.9	0.4023184820
506.8	0.4023249720
504.12	0.4023257742
503.5	0.4023257771
501.99	0.4023798607
501.4	0.4023799852
500	0.4023801788
496.9	0.4024006104
494.2	0.4024318587
493.4	0.4024318640
493.1	0.4024319635
491	0.4024320368
489.3	0.4024321239
487.95	0.4025162540
487.5	0.4025177893
487.14	0.4038157964
486.83	0.4038160730
486.7	0.4038250870
485.92	0.4038911892
485.44	0.4038912463
482	0.4038912722
480.9	0.4038912751
480.43	0.4049038409
480	0.4049038954
475.74	0.4049110765
475.4	0.4049110823
475.4	0.4049110887
474.44	0.4052085487
469.77	0.4056051620
469.3	0.4056051643
468.43	0.4056120450
466.8	0.4056121363
462.02	0.4062491213
461.6	0.4062491434
461.08	0.4064023804
460.2	0.4064024122
458.7	0.4064081331
457.5	0.4064081460
457.5	0.4064081478
456.7	0.4064103111
454.95	0.4064103862
454.79	0.4072877429
453.9	0.4072935599
453.58	0.4072999598
453.3	0.4073025125
452.92	0.4073926519
452.9	0.4073926537
450.97	0.4074019981
449.37	0.4074025690
448.4	0.4074027073
448	0.4074027332
445.91	0.4074028234
445.03	0.4075812409
444.5	0.4075812432
441	0.4075812515
439.6	0.4075812568
439.6	0.4075812574
438.01	0.4075818936
436.9	0.4075819351
435.05	0.4075823652
434.4	0.4075823699
432.33	0.4075831336
432.12	0.4075879744
430.6	0.4075906022
430	0.4075914321
428.71	0.4075915704
428.07	0.4075948755
427.4	0.4075949356
427.09	0.4078383579
427	0.4078384547
415.6	0.4078384865
415.11	0.4078387457
414.6	0.4078396470
410.3	0.4078400896
410.29	0.4078405046
407.81	0.4078454837
405.72	0.4083532689
405.4	0.4083533034
404.85	0.4088761082
402.2	0.4088774720
401.81	0.4097903058
398.6	0.4097905649
398.14	0.4097917820
396.02	0.4098699028
395.5	0.4098702071
394.05	0.4099080656
391.6	0.4099091444
390.1	0.4099101126
388.89	0.4111179803
387.82	0.4111235127
387.7	0.4111255873
387.6	0.4111283816
387.6	0.4111297878
387	0.4111298555
386.78	0.4120162262
384.7	0.4120167379
383.51	0.4120208291
383.1	0.4120208885
382.8	0.4120228249
382.2	0.4120240113
379.3	0.4120309267
376.27	0.4120318813
376.1	0.4120336793
374.8	0.4120339657
373.5	0.4120340003
372.9	0.4120409157
372	0.4120470211
371.68	0.4121143772
370.93	0.4121150590
369.5	0.4121275103
369.38	0.4121277020
369.35	0.4121288475
368.56	0.4121299540
363.84	0.4121310328
362.9	0.4121331074
362.8	0.4121351506
362.63	0.4121445602
362.07	0.4121505075
362.05	0.4121568696
359.3	0.4121581144
357.5	0.4121605181
357.12	0.4121847221
356.03	0.4121854136
356	0.4122064461
355.7	0.4122068334
355.5	0.4122074143
354.46	0.4122212451
352.61	0.4122231543
351.93	0.5191885592
351.9	0.5193988844
351.8	0.5193988936
351.7	0.5193989019
351.51	0.5193999115
351.06	0.5211868528
350.54	0.5212073086
350.5	0.5212073144
348.92	0.5215197976
346.45	0.5215220205
345.9	0.5215275528
343.5	0.5215279677
342.91	0.5215328085
342.87	0.5215635129
342.55	0.5216276077
342.5	0.5216276464
340.74	0.5216526802
340.2	0.5216528905
339.76	0.5216535996
339.5	0.5216537294
338.28	0.5220465245
338.1	0.5220498296
334.78	0.5221039133
334.37	0.5223139259
334.3	0.5223139472
334.01	0.5223279163
333.37	0.5225232183
330.8	0.5225233525
330.06	0.5227169839
329.85	0.5232624712
329.8	0.5232625235
328.38	0.5232914299
328.1	0.5232916230
327.13	0.5232968787
325.99	0.5232981060
324.88	0.5233000152
323.87	0.5238518647
323.84	0.5239389995
321.8	0.5239390119
320.15	0.5239390327
319.26	0.5239399815
319.24	0.5239459818
318.46	0.5239472092
317.87	0.5239472225
317.1	0.5239473608
316.7	0.5239479317
314.85	0.5240379371
314.6	0.5240379417
314.33	0.5242723041
313.59	0.5242765917
312.92	0.5242906991
312.69	0.5243861594
312.65	0.5243861923
311	0.5243864447
311	0.5243868734
308.78	0.5243869232
308.4	0.5243900598
307.78	0.5243900613
307.78	0.5243900884
305.26	0.5244838334
304.5	0.5246965735
304.4	0.5246966025
304.2	0.5247536908
302.65	0.5250579687
302.65	0.5251520183
301.7	0.5251527098
300.5	0.5251553009
300.07	0.5254969220
299.98	0.5259060375
299.95	0.5259060782
299	0.5259080312
298.76	0.5259861520
298	0.5259863082
296.5	0.5260681313
296.5	0.5260681342
295.22	0.5814137173
293.8	0.5814287646
293.56	0.5814388611
292.41	0.5814509982
291.65	0.5814565305
289.77	0.5814600762
289.68	0.5814601343
289.59	0.5818147011
289.56	0.5818156692
288.18	0.5818377985
286.09	0.5821650909
286	0.5821651103
286	0.5821652624
285.52	0.5821734447
284.24	0.5821808088
283.69	0.5824159327
283.4	0.5824159410
282.92	0.5824167708
281.42	0.5824176007
281.42	0.5824504663
280.97	0.5826517776
280.7	0.5826522549
280.7	0.5826522560
279.8	0.5826623476
277.32	0.5826718908
275.5	0.5826728223
275.43	0.5826737904
275.13	0.5826809824
274.8	0.5837476318
274.1	0.5837476365
273.8	0.5841322313
273.14	0.5841405298
272.91	0.5842346263
272.8	0.5842346350
272.3	0.5842400674
272	0.5842417068
271.23	0.5857354348
270.56	0.5857407533
270.3	0.5857408501
269.46	0.5876633334
268.8	0.5877144124
267.86	0.5877157761
267.62	0.5877159490
267.05	0.5877178582
266.45	0.5877186880
262.9	0.5877186956
262.87	0.5877384695
262.27	0.5877534927
260.4	0.5877544609
260.19	0.5877804628
258.86	0.5893759300
258.44	0.5893762619
258.23	0.5896058169
256.4	0.5896082687
256.23	0.5909038011
256.17	0.5909038592
255.77	0.5909193497
255.7	0.5909201796
255.2	0.5909275099
254.63	0.5910584269
254.6	0.5910584391
253.9	0.5910640637
253.8	0.5910666177
253.73	0.5910999693
252.8	0.5911089832
252.5	0.5911295754
251.6	0.5911353843
250.45	0.5911354756
250.27	0.5912186624
250.24	0.5912186688
250.24	0.5912187017
250.15	0.5912203518
249.6	0.5912204611
249.6	0.5912218248
249.3	0.5912272188
249.2	0.5912396701
247.7	0.5912404032
247.2	0.5912417863
246.84	0.5912491166
246.12	0.5912513804
246.04	0.5912529156
245.6	0.5912539944
245.6	0.5912540506
243.9	0.5912540547
243.08	0.5912606935
242.6	0.5912607350
242.5	0.5912608498
242	0.6130475394
240.87	0.6130579125
240.27	0.6130579526
238.4	0.6130819898
236.05	0.6130820479
236.01	0.6130833203
235.96	0.6154698275
235.9	0.6154700678
235	0.6154700931
234.76	0.6155532799
234.75	0.6155590888
233.5	0.6155630998
231.79	0.6155631009
230.9	0.6155631029
230	0.6155691122
230	0.6155693474
229.9	0.6155700565
229.7	0.6155701201
228.78	0.6155710883
227.3	0.6156001733
226.5	0.6156214702
225.5	0.6156231066
224	0.6156233003
221.7	0.6156256511
221.38	0.6156422481
221.32	0.6156472272
221	0.6156562411
218.9	0.6156765605
218.8	0.6156765791
217.94	0.6156820561
216.6	0.6156820644
215.28	0.6156860754
212.7	0.6157006671
212.7	0.6157042128
210.62	0.6159360449
210.6	0.6159360658
209.9	0.6159401221
206.8	0.6159402743
206.08	0.6159866407
205.68	0.6160208936
205.6	0.6160209064
205.5	0.6160306655
205.31	0.6167235893
205.1	0.6167236050
204.98	0.6167536068
204.9	0.6167555044
204.7	0.6167618502
204.14	0.6168041254
203.3	0.6168092333
202.11	0.6169586061
201.64	0.6169629700
200.7	0.6169629759
200.5	0.6169652942
199.9	0.6169670068
199.3	0.6169673941
198.9	0.6169732030
198.89	0.6169738807
197.91	0.6169739619
197.56	0.6169762802
196.19	0.6171775915
194.94	0.6172647256
193.4	0.6172668890
188.76	0.6172673454
186.21	0.6280540253
186.1	0.6280629190
186.05	0.6280893599
185.72	0.6360005861
184.7	0.6360056339
184.68	0.6360061180
184.65	0.6360128002
183.5	0.6360173644
182.61	0.6360643891
181.5	0.6360670933
181.4	0.6360696989
179.54	0.6360908601
178.2	0.6360950762
177.3	0.6361015767
176.1	0.6361016265
175.8	0.6361054449
175.65	0.6361080727
174.3	0.6361081142
174.15	0.6361105761
173.45	0.6361138490
173.38	0.6361140814
173.3	0.6361149113
172	0.6361150634
169.95	0.6361161544
169.66	0.6361163369
168.36	0.6361190644
166.5	0.6361190651
165.8	0.6361198949
165	0.6361203693
164.4	0.6361255614
163.33	0.6368281668
163.1	0.6368494662
162.6	0.6368494745
162.19	0.6368508382
161.4	0.6368508590
160.49	0.6368515367
159.2	0.6368516211
158.64	0.6369477452
156.7	0.6369521056
155.5	0.6369521114
154.21	0.6377404678
152.7	0.6377705624
151.3	0.6377745910
150.93	0.6377856557
150.14	0.6377877012
149.3	0.6377877033
147.61	0.6377880767
147.2	0.6377997588
147.2	0.6378005887
146	0.6378005900
145.94	0.6378049744
145.06	0.6378057628
144.39	0.6378074086
144.24	0.6382596763
143.87	0.6384069039
143.76	0.6399227613
143.65	0.6399227653
143	0.6399228068
142.4	0.6399234983
141.42	0.6399453178
140.9	0.6399453496
140.76	0.6399757774
140.54	0.6399758784
140.1	0.6399797243
138.3	0.6399799595
137.4	0.6399800231
137.23	0.6399801643
136.75	0.6399807728
136.55	0.6399824325
135.66	0.6399933589
135.32	0.6399933718
134.6	0.6399996449
134.59	0.6400006712
134.5	0.6400007555
134.03	0.6400042132
131.6	0.6400050431
131.3	0.6400959036
131	0.6401381609
130.6	0.6401561410
129.8	0.6401614292
124.91	0.6401694510
124.8	0.6401694519
124.58	0.6401701158
124.44	0.6401709340
123.58	0.6401735251
122.32	0.6403407396
121.6	0.6403409332
120.9	0.6404611191
120.35	0.6404647151
119.9	0.6404684457
118.7	0.6404684520
118.4	0.6404729277
118.17	0.6407553645
117.2	0.6407921849
116.82	0.6407952553
115.63	0.6407954019
115.45	0.6407995512
114.7	0.6408009343
114.45	0.6408038488
113.5	0.6408344962
113.11	0.6409354113
113.11	0.6409640494
112.81	0.6415950251
111.6	0.6416450224
111.49	0.6416525340
111.49	0.6416601410
111.3	0.6416676526
111.05	0.6416676631
111	0.6417138144
110.9	0.6417336210
110.86	0.6417416429
110.65	0.6417421884
110.42	0.6417461846
110	0.6417463649
109.5	0.6417505714
109.2	0.6417515532
109.16	0.6419645478
108.58	0.6419648453
108.58	0.6419661373
108.58	0.6420361212
108.5	0.6420369510
108.42	0.6420564812
108.42	0.6420762593
108	0.6420762657
107.76	0.6420776294
107.6	0.6420878452
107.6	0.6420982183
106.85	0.6420983843
106.78	0.6421016483
106.61	0.6421040826
105.81	0.6421051614
105.74	0.6421202369
105.6	0.6421210182
105.6	0.6421243533
105.6	0.6423069201
105	0.6423069726
104.82	0.6423073813
104.82	0.6423091240
104.82	0.6424049715
104.23	0.6424075994
103.7	0.6424210602
103.35	0.6424306750
103.2	0.6424315049
102.84	0.6424710610
102.6	0.6424720292
102.5	0.6424722433
102.5	0.6424740461
102.5	0.6425097755
102.5	0.6425102208
102.27	0.6425705232
102.2	0.6425706338
102.1	0.6425913801
101	0.6425914907
100.84	0.6425956400
100.27	0.6426111863
100.21	0.6426112555
100.13	0.6426160329
100.13	0.6427101295
100.13	0.6427113300
99.86	0.6427274349
99.6	0.6427282094
99.6	0.6427305959
99.58	0.6427353689
99.43	0.6427378628
99.43	0.6427872294
99.43	0.6427878490
99.28	0.6428059674
98.44	0.6429011546
98.43	0.6429330038
98.42	0.6429480030
97.53	0.6430309312
97.53	0.6433269107
97.47	0.6433270905
96.84	0.6433402298
96.82	0.6433403266
96.09	0.6433529126
96.03	0.6433658679
95.86	0.6434499980
95.86	0.6435329829
95	0.6435354725
94.97	0.6435399727
94.87	0.6437608142
94.87	0.6445477876
94.67	0.6446073998
94.65	0.6446272305
94.31	0.6446708339
94.25	0.6447865128
94.25	0.6451986710
93.88	0.6454782333
93.88	0.6454783611
93.35	0.6454816662
93.35	0.6454957881
93.35	0.6462703137
93.02	0.6462768142
92.8	0.6525865712
92.38	0.6589864676
92.32	0.6591622394
92.32	0.6591730275
92.28	0.6592244069
92.28	0.6592755809
90.89	0.6594443169
90	0.6594443445
89.96	0.6594463877
89.96	0.6594551012
89.96	0.6599350304
89.95	0.6600733386
89.81	0.6605480727
89.81	0.6605771174
89.78	0.6630409273
89.78	0.6630453532
89.6	0.6630460623
89.26	0.6632936451
89.26	0.6633087207
89.08	0.6633088369
88.5	0.6633088371
88.47	0.6633292687
88.47	0.6637329293
88.47	0.6637381573
88.1	0.6637382680
87.68	0.6638419991
87.51	0.6638469508
87.35	0.6705773583
87.35	0.6705893911
87.3	0.6705893920
87.3	0.6705894225
86.83	0.6741048586
86.83	0.6741111516
86.7	0.6741115665
86.11	0.6741123964
86.1	0.6741124683
85.43	0.6741250878
85.43	0.6743719208
85.43	0.6743750770
85	0.6743750787
84.94	0.6743750813
84.94	0.6743751648
84.87	0.6743895212
84.45	0.6743895225
84.45	0.6743895660
84.21	0.6753023998
83.79	0.6762608819
83.79	0.6796770932
83.3	0.6798573720
83.23	0.6798578561
83	0.6798578563
82.57	0.6798972741
82.2	0.6798973986
82.12	0.6799180065
82.09	0.6799760959
82.01	0.6799858550
81.23	0.6801103323
81.07	0.6806902291
81.07	0.6827648513
79.69	0.6831248730
79.65	0.6831417189
79.54	0.6831418849
79.29	0.6851910536
79.29	0.6853169140
78.1	0.6854741171
77.69	0.6854746980
77.34	0.6854847945
77.11	0.7146298627
77.11	0.7146818665
76.86	0.7159137715
76.86	0.7159884579
76.2	0.7159895643
75.02	0.7159978628
75.01	0.7160029086
74.97	0.7160029201
74.97	0.7160032800
74.82	0.7334302280
74.82	0.7334614856
74.15	0.7334648050
73.92	0.7335038654
73.92	0.7335429258
73.63	0.7335455169
73.5	0.7335455198
72.87	0.7337156388
72.85	0.7337197300
72.81	0.7337197369
72.81	0.7337199533
72.75	0.7337548070
72.72	0.7337553187
72.7	0.7337705326
72.5	0.7337705437
71.9	0.7337708065
70.9	0.7337712906
70.83	0.7338729471
70.6	0.7338729595
70.54	0.7338997850
69.8	0.7339016942
69.5	0.7339026623
69.28	0.7339032571
68.74	0.7339140304
68.5	0.7339148326
67.67	0.7350565982
65.42	0.7350672479
64.35	0.7350690459
64.35	0.7350738189
63.86	0.7350770000
63.65	0.7350839154
63.29	0.7462011064
62.86	0.7462491807
62.7	0.7462527863
62.68	0.7462541500
62.45	0.7462909704
62.31	0.7462910053
61.44	0.7463076426
61.43	0.7463076502
60.6	0.7463076566
60.5	0.7463085556
59.4	0.7463085619
58.57	0.7463724603
58.08	0.7463811617
57.56	0.7463811622
57.19	0.7463848965
57.19	0.7463852976
56.42	0.7463869341
56	0.7463878478
55.8	0.7463878484
55.24	0.7463976075
55	0.7463976752
54.6	0.7464083250
54.25	0.7464103996
54.19	0.7464105182
54.19	0.7464117047
54.1	0.7464118292
53.7	0.7464118355
53.23	0.7496418302
53.2	0.7500114017
52.73	0.7500231579
52.32	0.7500231581
51.22	0.7500278605
50.9	0.7500280749
50.85	0.7500309387
50.13	0.7515855777
50.09	0.7516514123
49.82	0.7517305080
49.8	0.7517359297
49.55	0.7519282270
48.3	0.7519308181
46.54	0.7647005645
46.35	0.7647314072
44.7	0.7647314238
44.4	0.7647337421
44.4	0.7647344240
44.22	0.7647442428
44.15	0.7647532328
44.08	0.7647533296
44	0.7647533325
43.8	0.7647642422
43.77	0.7648037901
43.5	0.7648037947
42.86	0.7648119549
42.05	0.7648426744
41.96	0.7648509729
41.93	0.7648562914
41.4	0.7648604406
40.2	0.7648633045
38.19	0.7648854338
37.94	0.7649748520
37.9	0.7649816292
37.47	0.7649816296
37.43	0.7649928790
35.83	0.7649951196
35	0.7649951237
34.7	0.7650002411
33.5	0.7650002577
33.39	0.7650016214
31.98	0.7650016349
31.69	0.7650016378
31.6	0.7650039890
31.58	0.7650166716
29.96	0.7650317472
29.86	0.7650457935
29.78	0.7650458980
29.6	0.7650468526
29.6	0.7650468991
29.49	0.7650505047
28.6	0.7650563137
27.36	0.7664808876
25.95	0.7664808877
25.64	0.7684310326
25.51	0.7684472147
24.5	0.7684479200
24.5	0.7684517927
23.69	0.7684774644
23.6	0.7684781144
21.73	0.7688021355
20.27	0.7688052336
20.25	0.7688488726
20.02	0.7688638958
19.59	0.7688647257
19.1	0.7688979196
19	0.7689504767
17.2	0.7689822876
16.5	0.7690237800
15.2	0.7690238672
14.4	0.7690261769
13.6	0.7690664392
13.6	0.7694813207
13.3	0.7908143088
13.3	0.7909765597
13.3	0.7999665894
13	0.8219005067
13	0.8519469688
13	0.8570643703
13	0.8575429165
12.9	0.8575429177
12.7	0.8620241017
12.3	0.8851598775
12.3	0.8852121580
12	0.8852234992
11.7	0.8876272162
11.7	0.8907944729
11.1	0.8926573535
11.1	0.8927998109
10.8	0.9288555654
10.8	0.9997652158
10.8	0.9998357530
10.6	0.9998357627
10.6	0.9998360509
10.3	0.9999688267
10.25	0.9999757698
10	0.9999776922
9.3	0.9999777075
9.2	0.9999822716
8.15	0.9999836353
6.5	1.0000000000
